 1200.0   14.820   10.0
 1210.0   12.034   10.0
 1220.0   12.048   10.0
 1230.0   15.263   10.0
 1240.0   14.108   10.0
 1250.0   13.339   10.0
 1260.0   12.851   10.0
 1270.0   12.594   10.0
 1280.0   12.423   10.0
 1290.0   12.342   10.0
 1300.0   12.273   10.0
 1310.0   12.209   10.0
 1320.0   12.161   10.0
 1330.0   12.136   10.0
 1340.0   12.140   10.0
 1350.0   12.111   10.0
 1360.0   12.122   10.0
 1370.0   12.119   10.0
 1380.0   12.168   10.0
 1390.0   12.211   10.0
 1400.0   12.186   10.0
 1410.0   12.111   10.0
 1420.0   12.099   10.0
 1430.0   12.048   10.0
 1440.0   12.085   10.0
 1450.0   12.063   10.0
 1460.0   12.090   10.0
 1470.0   12.076   10.0
 1480.0   12.082   10.0
 1490.0   12.101   10.0
 1500.0   12.094   10.0
 1510.0   12.137   10.0
 1520.0   12.138   10.0
 1530.0   12.124   10.0
 1540.0   12.117   10.0
 1550.0   12.135   10.0
 1560.0   12.143   10.0
 1570.0   12.166   10.0
 1580.0   12.153   10.0
 1590.0   12.184   10.0
 1600.0   12.167   10.0
 1610.0   12.172   10.0
 1620.0   12.189   10.0
 1630.0   12.154   10.0
 1640.0   12.186   10.0
 1650.0   12.229   10.0
 1660.0   12.216   10.0
 1670.0   12.207   10.0
 1680.0   12.213   10.0
 1690.0   12.245   10.0
 1700.0   12.225   10.0
 1710.0   12.257   10.0
 1720.0   12.270   10.0
 1730.0   12.244   10.0
 1740.0   12.234   10.0
 1750.0   12.226   10.0
 1760.0   12.228   10.0
 1770.0   12.211   10.0
 1780.0   12.248   10.0
 1790.0   12.303   10.0
 1800.0   12.282   10.0
 1810.0   12.280   10.0
 1820.0   12.262   10.0
 1830.0   12.263   10.0
 1840.0   12.277   10.0
 1850.0   12.278   10.0
 1860.0   12.288   10.0
 1870.0   12.298   10.0
 1880.0   12.270   10.0
 1890.0   12.304   10.0
 1900.0   12.300   10.0
 1910.0   12.289   10.0
 1920.0   12.311   10.0
 1930.0   12.329   10.0
 1940.0   12.338   10.0
 1950.0   12.368   10.0
 1960.0   12.333   10.0
 1970.0   12.338   10.0
 1980.0   12.393   10.0
 1990.0   12.352   10.0
 2000.0   12.383   10.0
 2010.0   12.382   10.0
 2020.0   12.345   10.0
 2030.0   12.381   10.0
 2040.0   12.329   10.0
 2050.0   12.297   10.0
 2060.0   12.242   10.0
 2070.0   12.335   10.0
 2080.0   12.214   10.0
 2090.0   12.314   10.0
 2100.0   12.319   10.0
 2110.0   12.339   10.0
 2120.0   12.245   10.0
 2130.0   12.289   10.0
 2140.0   12.391   10.0
 2150.0   12.395   10.0
 2160.0   12.327   10.0
 2170.0   12.347   10.0
 2180.0   12.350   10.0
 2190.0   12.338   10.0
 2200.0   12.353   10.0
 2210.0   12.331   10.0
 2220.0   12.305   10.0
 2230.0   12.393   10.0
 2240.0   12.396   10.0
 2250.0   12.350   10.0
 2260.0   12.268   10.0
 2270.0   12.290   10.0
 2280.0   12.322   10.0
 2290.0   12.416   10.0
 2300.0   12.468   10.0
 2310.0   12.328   10.0
 2320.0   12.347   10.0
 2330.0   12.401   10.0
 2340.0   12.412   10.0
 2350.0   12.353   10.0
 2360.0   12.401   10.0
 2370.0   12.434   10.0
 2380.0   12.413   10.0
 2390.0   12.429   10.0
 2400.0   12.383   10.0
 2410.0   12.363   10.0
 2420.0   12.447   10.0
 2430.0   12.445   10.0
 2440.0   12.429   10.0
 2450.0   12.455   10.0
 2460.0   12.498   10.0
 2470.0   12.429   10.0
 2480.0   12.476   10.0
 2490.0   12.483   10.0
 2500.0   12.538   10.0
 2510.0   12.453   10.0
 2520.0   12.489   10.0
 2530.0   12.555   10.0
 2540.0   12.502   10.0
 2550.0   12.493   10.0
 2560.0   12.534   10.0
 2570.0   12.506   10.0
 2580.0   12.507   10.0
 2590.0   12.510   10.0
 2600.0   12.497   10.0
 2610.0   12.485   10.0
 2620.0   12.483   10.0
 2630.0   12.497   10.0
 2640.0   12.473   10.0
 2650.0   12.518   10.0
 2660.0   12.529   10.0
 2670.0   12.507   10.0
 2680.0   12.490   10.0
 2690.0   12.466   10.0
 2700.0   12.539   10.0
 2710.0   12.511   10.0
 2720.0   12.494   10.0
 2730.0   12.494   10.0
 2740.0   12.522   10.0
 2750.0   12.496   10.0
 2760.0   12.511   10.0
 2770.0   12.536   10.0
 2780.0   12.584   10.0
 2790.0   12.597   10.0
 2800.0   12.598   10.0
 2810.0   12.584   10.0
 2820.0   12.529   10.0
 2830.0   12.554   10.0
 2840.0   12.531   10.0
 2850.0   12.528   10.0
 2860.0   12.527   10.0
 2870.0   12.585   10.0
 2880.0   12.564   10.0
 2890.0   12.584   10.0
 2900.0   12.566   10.0
 2910.0   12.596   10.0
 2920.0   12.617   10.0
 2930.0   12.577   10.0
 2940.0   12.584   10.0
 2950.0   12.605   10.0
 2960.0   12.583   10.0
 2970.0   12.653   10.0
 2980.0   12.612   10.0
 2990.0   12.622   10.0
 3000.0   12.562   10.0
 3010.0   12.607   10.0
 3020.0   12.579   10.0
 3030.0   12.593   10.0
 3040.0   12.553   10.0
 3050.0   12.549   10.0
 3060.0   12.578   10.0
 3070.0   12.600   10.0
 3080.0   12.593   10.0
 3090.0   12.628   10.0
 3100.0   12.536   10.0
 3110.0   12.613   10.0
 3120.0   12.621   10.0
 3130.0   12.609   10.0
 3140.0   12.556   10.0
 3150.0   12.635   10.0
 3160.0   12.698   10.0
 3170.0   12.676   10.0
 3180.0   12.676   10.0
 3190.0   12.705   10.0
 3200.0   12.678   10.0
 3210.0   12.692   10.0
 3220.0   12.667   10.0
 3230.0   12.651   10.0
 3240.0   12.673   10.0
 3250.0   12.685   10.0
 3260.0   12.710   10.0
 3270.0   12.669   10.0
 3280.0   12.689   10.0
 3290.0   12.702   10.0
 3300.0   12.654   10.0
 3310.0   12.652   10.0
 3320.0   12.615   10.0
 3330.0   12.656   10.0
 3340.0   12.706   10.0
 3350.0   12.717   10.0
 3360.0   12.715   10.0
 3370.0   12.697   10.0
 3380.0   12.696   10.0
 3390.0   12.693   10.0
 3400.0   12.695   10.0
 3410.0   12.677   10.0
 3420.0   12.693   10.0
 3430.0   12.698   10.0
 3440.0   12.681   10.0
 3450.0   12.733   10.0
 3460.0   12.714   10.0
 3470.0   12.691   10.0
 3480.0   12.724   10.0
 3490.0   12.697   10.0
 3500.0   12.729   10.0
 3510.0   12.753   10.0
 3520.0   12.720   10.0
 3530.0   12.745   10.0
 3540.0   12.756   10.0
 3550.0   12.736   10.0
 3560.0   12.707   10.0
 3570.0   12.698   10.0
 3580.0   12.694   10.0
 3590.0   12.704   10.0
 3600.0   12.720   10.0
 3610.0   12.714   10.0
 3620.0   12.755   10.0
 3630.0   12.754   10.0
 3640.0   12.736   10.0
 3650.0   12.756   10.0
 3660.0   12.770   10.0
 3670.0   12.753   10.0
 3680.0   12.724   10.0
 3690.0   12.760   10.0
 3700.0   12.741   10.0
 3710.0   12.742   10.0
 3720.0   12.752   10.0
 3730.0   12.766   10.0
 3740.0   12.777   10.0
 3750.0   12.794   10.0
 3760.0   12.789   10.0
 3770.0   12.792   10.0
 3780.0   12.801   10.0
 3790.0   12.783   10.0
 3800.0   12.812   10.0
 3810.0   12.765   10.0
 3820.0   12.743   10.0
 3830.0   12.794   10.0
 3840.0   12.803   10.0
 3850.0   12.746   10.0
 3860.0   12.706   10.0
 3870.0   12.732   10.0
 3880.0   12.822   10.0
 3890.0   12.904   10.0
 3900.0   12.852   10.0
 3910.0   12.723   10.0
 3920.0   12.653   10.0
 3930.0   12.629   10.0
 3940.0   12.651   10.0
 3950.0   12.727   10.0
 3960.0   12.855   10.0
 3970.0   13.048   10.0
 3980.0   12.984   10.0
 3990.0   12.790   10.0
 4000.0   12.645   10.0
 4010.0   12.529   10.0
 4020.0   12.453   10.0
 4030.0   12.438   10.0
 4040.0   12.430   10.0
 4050.0   12.465   10.0
 4060.0   12.497   10.0
 4070.0   12.575   10.0
 4080.0   12.705   10.0
 4090.0   12.884   10.0
 4100.0   13.111   10.0
 4110.0   13.103   10.0
 4120.0   12.883   10.0
 4130.0   12.717   10.0
 4140.0   12.609   10.0
 4150.0   12.529   10.0
 4160.0   12.486   10.0
 4170.0   12.435   10.0
 4180.0   12.465   10.0
 4190.0   12.398   10.0
 4200.0   12.389   10.0
 4210.0   12.385   10.0
 4220.0   12.370   10.0
 4230.0   12.391   10.0
 4240.0   12.398   10.0
 4250.0   12.414   10.0
 4260.0   12.433   10.0
 4270.0   12.449   10.0
 4280.0   12.486   10.0
 4290.0   12.531   10.0
 4300.0   12.605   10.0
 4310.0   12.690   10.0
 4320.0   12.804   10.0
 4330.0   12.975   10.0
 4340.0   13.204   10.0
 4350.0   13.129   10.0
 4360.0   12.914   10.0
 4370.0   12.771   10.0
 4380.0   12.669   10.0
 4390.0   12.592   10.0
 4400.0   12.545   10.0
 4410.0   12.511   10.0
 4420.0   12.486   10.0
 4430.0   12.465   10.0
 4440.0   12.446   10.0
 4450.0   12.430   10.0
 4460.0   12.420   10.0
 4470.0   12.426   10.0
 4480.0   12.420   10.0
 4490.0   12.420   10.0
 4500.0   12.426   10.0
 4510.0   12.421   10.0
 4520.0   12.411   10.0
 4530.0   12.413   10.0
 4540.0   12.426   10.0
 4550.0   12.431   10.0
 4560.0   12.447   10.0
 4570.0   12.444   10.0
 4580.0   12.448   10.0
 4590.0   12.456   10.0
 4600.0   12.460   10.0
 4610.0   12.454   10.0
 4620.0   12.456   10.0
 4630.0   12.458   10.0
 4640.0   12.460   10.0
 4650.0   12.463   10.0
 4660.0   12.467   10.0
 4670.0   12.472   10.0
 4680.0   12.477   10.0
 4690.0   12.483   10.0
 4700.0   12.488   10.0
 4710.0   12.493   10.0
 4720.0   12.499   10.0
 4730.0   12.512   10.0
 4740.0   12.524   10.0
 4750.0   12.534   10.0
 4760.0   12.544   10.0
 4770.0   12.556   10.0
 4780.0   12.571   10.0
 4790.0   12.598   10.0
 4800.0   12.641   10.0
 4810.0   12.686   10.0
 4820.0   12.748   10.0
 4830.0   12.822   10.0
 4840.0   12.918   10.0
 4850.0   13.056   10.0
 4860.0   13.159   10.0
 4870.0   13.123   10.0
 4880.0   12.993   10.0
 4890.0   12.878   10.0
 4900.0   12.803   10.0
 4910.0   12.746   10.0
 4920.0   12.702   10.0
 4930.0   12.676   10.0
 4940.0   12.663   10.0
 4950.0   12.654   10.0
 4960.0   12.642   10.0
 4970.0   12.639   10.0
 4980.0   12.633   10.0
 4990.0   12.628   10.0
 5000.0   12.626   10.0
 5010.0   12.621   10.0
 5020.0   12.623   10.0
 5030.0   12.632   10.0
 5040.0   12.629   10.0
 5050.0   12.624   10.0
 5060.0   12.625   10.0
 5070.0   12.625   10.0
 5080.0   12.625   10.0
 5090.0   12.627   10.0
 5100.0   12.628   10.0
 5110.0   12.626   10.0
 5120.0   12.627   10.0
 5130.0   12.625   10.0
 5140.0   12.626   10.0
 5150.0   12.628   10.0
 5160.0   12.629   10.0
 5170.0   12.631   10.0
 5180.0   12.634   10.0
 5190.0   12.637   10.0
 5200.0   12.640   10.0
 5210.0   12.642   10.0
 5220.0   12.647   10.0
 5230.0   12.649   10.0
 5240.0   12.658   10.0
 5250.0   12.659   10.0
 5260.0   12.648   10.0
 5270.0   12.646   10.0
 5280.0   12.659   10.0
 5290.0   12.664   10.0
 5300.0   12.671   10.0
 5310.0   12.671   10.0
 5320.0   12.668   10.0
 5330.0   12.669   10.0
 5340.0   12.673   10.0
 5350.0   12.680   10.0
 5360.0   12.680   10.0
 5370.0   12.682   10.0
 5380.0   12.688   10.0
 5390.0   12.694   10.0
 5400.0   12.691   10.0
 5410.0   12.694   10.0
 5420.0   12.704   10.0
 5430.0   12.708   10.0
 5440.0   12.710   10.0
 5450.0   12.717   10.0
 5460.0   12.720   10.0
 5470.0   12.724   10.0
 5480.0   12.729   10.0
 5490.0   12.732   10.0
 5500.0   12.735   10.0
 5510.0   12.743   10.0
 5520.0   12.742   10.0
 5530.0   12.745   10.0
 5540.0   12.751   10.0
 5550.0   12.756   10.0
 5560.0   12.758   10.0
 5570.0   12.761   10.0
 5580.0   12.759   10.0
 5590.0   12.757   10.0
 5600.0   12.769   10.0
 5610.0   12.777   10.0
 5620.0   12.781   10.0
 5630.0   12.787   10.0
 5640.0   12.792   10.0
 5650.0   12.795   10.0
 5660.0   12.796   10.0
 5670.0   12.798   10.0
 5680.0   12.805   10.0
 5690.0   12.810   10.0
 5700.0   12.809   10.0
 5710.0   12.811   10.0
 5720.0   12.818   10.0
 5730.0   12.821   10.0
 5740.0   12.826   10.0
 5750.0   12.831   10.0
 5760.0   12.832   10.0
 5770.0   12.833   10.0
 5780.0   12.836   10.0
 5790.0   12.838   10.0
 5800.0   12.839   10.0
 5810.0   12.845   10.0
 5820.0   12.848   10.0
 5830.0   12.848   10.0
 5840.0   12.854   10.0
 5850.0   12.852   10.0
 5860.0   12.855   10.0
 5870.0   12.861   10.0
 5880.0   12.856   10.0
 5890.0   12.846   10.0
 5900.0   12.854   10.0
 5910.0   12.864   10.0
 5920.0   12.872   10.0
 5930.0   12.879   10.0
 5940.0   12.878   10.0
 5950.0   12.872   10.0
 5960.0   12.875   10.0
 5970.0   12.876   10.0
 5980.0   12.874   10.0
 5990.0   12.870   10.0
 6000.0   12.875   10.0
 6010.0   12.883   10.0
 6020.0   12.883   10.0
 6030.0   12.882   10.0
 6040.0   12.885   10.0
 6050.0   12.888   10.0
 6060.0   12.888   10.0
 6070.0   12.888   10.0
 6080.0   12.891   10.0
 6090.0   12.896   10.0
 6100.0   12.894   10.0
 6110.0   12.891   10.0
 6120.0   12.894   10.0
 6130.0   12.902   10.0
 6140.0   12.901   10.0
 6150.0   12.905   10.0
 6160.0   12.907   10.0
 6170.0   12.913   10.0
 6180.0   12.921   10.0
 6190.0   12.922   10.0
 6200.0   12.928   10.0
 6210.0   12.928   10.0
 6220.0   12.928   10.0
 6230.0   12.931   10.0
 6240.0   12.939   10.0
 6250.0   12.941   10.0
 6260.0   12.940   10.0
 6270.0   12.952   10.0
 6280.0   12.959   10.0
 6290.0   12.952   10.0
 6300.0   12.955   10.0
 6310.0   12.959   10.0
 6320.0   12.967   10.0
 6330.0   12.972   10.0
 6340.0   12.978   10.0
 6350.0   12.983   10.0
 6360.0   12.985   10.0
 6370.0   12.992   10.0
 6380.0   12.996   10.0
 6390.0   12.997   10.0
 6400.0   13.005   10.0
 6410.0   13.015   10.0
 6420.0   13.021   10.0
 6430.0   13.028   10.0
 6440.0   13.034   10.0
 6450.0   13.045   10.0
 6460.0   13.062   10.0
 6470.0   13.078   10.0
 6480.0   13.094   10.0
 6490.0   13.110   10.0
 6500.0   13.133   10.0
 6510.0   13.168   10.0
 6520.0   13.212   10.0
 6530.0   13.258   10.0
 6540.0   13.323   10.0
 6550.0   13.413   10.0
 6560.0   13.516   10.0
 6570.0   13.536   10.0
 6580.0   13.444   10.0
 6590.0   13.352   10.0
 6600.0   13.292   10.0
 6610.0   13.237   10.0
 6620.0   13.190   10.0
 6630.0   13.165   10.0
 6640.0   13.150   10.0
 6650.0   13.133   10.0
 6660.0   13.118   10.0
 6670.0   13.106   10.0
 6680.0   13.100   10.0
 6690.0   13.100   10.0
 6700.0   13.094   10.0
 6710.0   13.085   10.0
 6720.0   13.082   10.0
 6730.0   13.081   10.0
 6740.0   13.083   10.0
 6750.0   13.086   10.0
 6760.0   13.088   10.0
 6770.0   13.083   10.0
 6780.0   13.080   10.0
 6790.0   13.079   10.0
 6800.0   13.086   10.0
 6810.0   13.089   10.0
 6820.0   13.087   10.0
 6830.0   13.081   10.0
 6840.0   13.076   10.0
 6850.0   13.081   10.0
 6860.0   13.082   10.0
 6870.0   13.082   10.0
 6880.0   13.083   10.0
 6890.0   13.084   10.0
 6900.0   13.085   10.0
 6910.0   13.086   10.0
 6920.0   13.087   10.0
 6930.0   13.088   10.0
 6940.0   13.090   10.0
 6950.0   13.092   10.0
 6960.0   13.096   10.0
 6970.0   13.098   10.0
 6980.0   13.103   10.0
 6990.0   13.105   10.0
 7000.0   13.095   10.0
 7010.0   13.093   10.0
 7020.0   13.103   10.0
 7030.0   13.112   10.0
 7040.0   13.111   10.0
 7050.0   13.107   10.0
 7060.0   13.106   10.0
 7070.0   13.110   10.0
 7080.0   13.122   10.0
 7090.0   13.124   10.0
 7100.0   13.120   10.0
 7110.0   13.118   10.0
 7120.0   13.122   10.0
 7130.0   13.127   10.0
 7140.0   13.132   10.0
 7150.0   13.140   10.0
 7160.0   13.151   10.0
 7170.0   13.162   10.0
 7180.0   13.163   10.0
 7190.0   13.163   10.0
 7200.0   13.160   10.0
 7210.0   13.152   10.0
 7220.0   13.156   10.0
 7230.0   13.173   10.0
 7240.0   13.181   10.0
 7250.0   13.176   10.0
 7260.0   13.179   10.0
 7270.0   13.188   10.0
 7280.0   13.185   10.0
 7290.0   13.180   10.0
 7300.0   13.188   10.0
 7310.0   13.196   10.0
 7320.0   13.199   10.0
 7330.0   13.195   10.0
 7340.0   13.200   10.0
 7350.0   13.207   10.0
 7360.0   13.206   10.0
 7370.0   13.209   10.0
 7380.0   13.214   10.0
 7390.0   13.221   10.0
 7400.0   13.223   10.0
 7410.0   13.223   10.0
 7420.0   13.226   10.0
 7430.0   13.226   10.0
 7440.0   13.231   10.0
 7450.0   13.235   10.0
 7460.0   13.241   10.0
 7470.0   13.241   10.0
 7480.0   13.242   10.0
 7490.0   13.241   10.0
 7500.0   13.247   10.0
 7510.0   13.257   10.0
 7520.0   13.264   10.0
 7530.0   13.263   10.0
 7540.0   13.270   10.0
 7550.0   13.273   10.0
 7560.0   13.273   10.0
 7570.0   13.276   10.0
 7580.0   13.278   10.0
 7590.0   13.280   10.0
 7600.0   13.283   10.0
 7610.0   13.285   10.0
 7620.0   13.287   10.0
 7630.0   13.289   10.0
 7640.0   13.291   10.0
 7650.0   13.293   10.0
 7660.0   13.294   10.0
 7670.0   13.296   10.0
 7680.0   13.298   10.0
 7690.0   13.297   10.0
 7700.0   13.296   10.0
 7710.0   13.300   10.0
 7720.0   13.304   10.0
 7730.0   13.309   10.0
 7740.0   13.305   10.0
 7750.0   13.314   10.0
 7760.0   13.318   10.0
 7770.0   13.313   10.0
 7780.0   13.307   10.0
 7790.0   13.310   10.0
 7800.0   13.320   10.0
 7810.0   13.324   10.0
 7820.0   13.320   10.0
 7830.0   13.313   10.0
 7840.0   13.311   10.0
 7850.0   13.316   10.0
 7860.0   13.315   10.0
 7870.0   13.327   10.0
 7880.0   13.332   10.0
 7890.0   13.338   10.0
 7900.0   13.339   10.0
 7910.0   13.336   10.0
 7920.0   13.328   10.0
 7930.0   13.330   10.0
 7940.0   13.327   10.0
 7950.0   13.333   10.0
 7960.0   13.337   10.0
 7970.0   13.340   10.0
 7980.0   13.338   10.0
 7990.0   13.340   10.0
 8000.0   13.344   10.0
 8010.0   13.353   10.0
 8020.0   13.349   10.0
 8030.0   13.338   10.0
 8040.0   13.335   10.0
 8050.0   13.339   10.0
 8060.0   13.346   10.0
 8070.0   13.360   10.0
 8080.0   13.373   10.0
 8090.0   13.365   10.0
 8100.0   13.356   10.0
 8110.0   13.361   10.0
 8120.0   13.370   10.0
 8130.0   13.381   10.0
 8140.0   13.388   10.0
 8150.0   13.388   10.0
 8160.0   13.384   10.0
 8170.0   13.377   10.0
 8180.0   13.373   10.0
 8190.0   13.366   10.0
 8200.0   13.362   10.0
 8210.0   13.373   10.0
 8220.0   13.392   10.0
 8230.0   13.411   10.0
 8240.0   13.385   10.0
 8250.0   13.379   10.0
 8260.0   13.390   10.0
 8270.0   13.387   10.0
 8280.0   13.389   10.0
 8290.0   13.388   10.0
 8300.0   13.388   10.0
 8310.0   13.386   10.0
 8320.0   13.394   10.0
 8330.0   13.405   10.0
 8340.0   13.404   10.0
 8350.0   13.399   10.0
 8360.0   13.407   10.0
 8370.0   13.411   10.0
 8380.0   13.408   10.0
 8390.0   13.412   10.0
 8400.0   13.415   10.0
 8410.0   13.416   10.0
 8420.0   13.420   10.0
 8430.0   13.422   10.0
 8440.0   13.430   10.0
 8450.0   13.433   10.0
 8460.0   13.427   10.0
 8470.0   13.427   10.0
 8480.0   13.444   10.0
 8490.0   13.444   10.0
 8500.0   13.441   10.0
 8510.0   13.456   10.0
 8520.0   13.458   10.0
 8530.0   13.442   10.0
 8540.0   13.419   10.0
 8550.0   13.442   10.0
 8560.0   13.460   10.0
 8570.0   13.466   10.0
 8580.0   13.472   10.0
 8590.0   13.472   10.0
 8600.0   13.474   10.0
 8610.0   13.470   10.0
 8620.0   13.470   10.0
 8630.0   13.472   10.0
 8640.0   13.475   10.0
 8650.0   13.461   10.0
 8660.0   13.453   10.0
 8670.0   13.481   10.0
 8680.0   13.502   10.0
 8690.0   13.517   10.0
 8700.0   13.518   10.0
 8710.0   13.497   10.0
 8720.0   13.488   10.0
 8730.0   13.487   10.0
 8740.0   13.497   10.0
 8750.0   13.516   10.0
 8760.0   13.528   10.0
 8770.0   13.533   10.0
 8780.0   13.529   10.0
 8790.0   13.522   10.0
 8800.0   13.512   10.0
 8810.0   13.517   10.0
 8820.0   13.517   10.0
 8830.0   13.520   10.0
 8840.0   13.527   10.0
 8850.0   13.526   10.0
 8860.0   13.529   10.0
 8870.0   13.540   10.0
 8880.0   13.551   10.0
 8890.0   13.549   10.0
 8900.0   13.507   10.0
 8910.0   13.503   10.0
 8920.0   13.532   10.0
 8930.0   13.560   10.0
 8940.0   13.552   10.0
 8950.0   13.546   10.0
 8960.0   13.586   10.0
 8970.0   13.586   10.0
 8980.0   13.593   10.0
 8990.0   13.567   10.0
 9000.0   13.543   10.0
 9010.0   13.549   10.0
 9020.0   13.562   10.0
 9030.0   13.567   10.0
 9040.0   13.568   10.0
 9050.0   13.579   10.0
 9060.0   13.576   10.0
 9070.0   13.566   10.0
 9080.0   13.548   10.0
 9090.0   13.546   10.0
 9100.0   13.550   10.0
 9110.0   13.551   10.0
 9120.0   13.558   10.0
 9130.0   13.543   10.0
 9140.0   13.552   10.0
 9150.0   13.553   10.0
 9160.0   13.549   10.0
 9170.0   13.555   10.0
 9180.0   13.562   10.0
 9190.0   13.565   10.0
