 1200.0    7.780   10.0
 1210.0    8.038   10.0
 1220.0    8.267   10.0
 1230.0    7.820   10.0
 1240.0    7.955   10.0
 1250.0    7.841   10.0
 1260.0    7.834   10.0
 1270.0    7.851   10.0
 1280.0    7.865   10.0
 1290.0    7.856   10.0
 1300.0    7.899   10.0
 1310.0    7.889   10.0
 1320.0    7.883   10.0
 1330.0    7.899   10.0
 1340.0    7.946   10.0
 1350.0    7.925   10.0
 1360.0    7.943   10.0
 1370.0    8.009   10.0
 1380.0    7.951   10.0
 1390.0    7.967   10.0
 1400.0    7.981   10.0
 1410.0    8.004   10.0
 1420.0    8.022   10.0
 1430.0    8.016   10.0
 1440.0    8.017   10.0
 1450.0    8.031   10.0
 1460.0    8.047   10.0
 1470.0    8.060   10.0
 1480.0    8.069   10.0
 1490.0    8.091   10.0
 1500.0    8.102   10.0
 1510.0    8.105   10.0
 1520.0    8.115   10.0
 1530.0    8.134   10.0
 1540.0    8.133   10.0
 1550.0    8.214   10.0
 1560.0    8.159   10.0
 1570.0    8.168   10.0
 1580.0    8.187   10.0
 1590.0    8.195   10.0
 1600.0    8.203   10.0
 1610.0    8.227   10.0
 1620.0    8.256   10.0
 1630.0    8.251   10.0
 1640.0    8.390   10.0
 1650.0    8.277   10.0
 1660.0    8.280   10.0
 1670.0    8.295   10.0
 1680.0    8.293   10.0
 1690.0    8.310   10.0
 1700.0    8.317   10.0
 1710.0    8.321   10.0
 1720.0    8.352   10.0
 1730.0    8.352   10.0
 1740.0    8.361   10.0
 1750.0    8.375   10.0
 1760.0    8.379   10.0
 1770.0    8.393   10.0
 1780.0    8.404   10.0
 1790.0    8.410   10.0
 1800.0    8.421   10.0
 1810.0    8.432   10.0
 1820.0    8.441   10.0
 1830.0    8.458   10.0
 1840.0    8.467   10.0
 1850.0    8.475   10.0
 1860.0    8.486   10.0
 1870.0    8.493   10.0
 1880.0    8.507   10.0
 1890.0    8.514   10.0
 1900.0    8.527   10.0
 1910.0    8.534   10.0
 1920.0    8.543   10.0
 1930.0    8.566   10.0
 1940.0    8.570   10.0
 1950.0    8.576   10.0
 1960.0    8.586   10.0
 1970.0    8.591   10.0
 1980.0    8.606   10.0
 1990.0    8.621   10.0
 2000.0    8.627   10.0
 2010.0    8.635   10.0
 2020.0    8.642   10.0
 2030.0    8.659   10.0
 2040.0    8.669   10.0
 2050.0    8.676   10.0
 2060.0    8.695   10.0
 2070.0    8.706   10.0
 2080.0    8.709   10.0
 2090.0    8.713   10.0
 2100.0    8.732   10.0
 2110.0    8.737   10.0
 2120.0    8.748   10.0
 2130.0    8.758   10.0
 2140.0    8.767   10.0
 2150.0    8.778   10.0
 2160.0    8.786   10.0
 2170.0    8.795   10.0
 2180.0    8.810   10.0
 2190.0    8.818   10.0
 2200.0    8.815   10.0
 2210.0    8.838   10.0
 2220.0    8.841   10.0
 2230.0    8.831   10.0
 2240.0    8.837   10.0
 2250.0    8.874   10.0
 2260.0    8.859   10.0
 2270.0    8.847   10.0
 2280.0    8.847   10.0
 2290.0    8.862   10.0
 2300.0    8.885   10.0
 2310.0    8.926   10.0
 2320.0    8.894   10.0
 2330.0    8.891   10.0
 2340.0    8.898   10.0
 2350.0    8.908   10.0
 2360.0    8.910   10.0
 2370.0    8.929   10.0
 2380.0    8.983   10.0
 2390.0    8.988   10.0
 2400.0    8.939   10.0
 2410.0    8.945   10.0
 2420.0    8.948   10.0
 2430.0    8.957   10.0
 2440.0    8.964   10.0
 2450.0    8.979   10.0
 2460.0    8.977   10.0
 2470.0    8.988   10.0
 2480.0    8.998   10.0
 2490.0    9.008   10.0
 2500.0    9.032   10.0
 2510.0    9.109   10.0
 2520.0    9.059   10.0
 2530.0    9.044   10.0
 2540.0    9.040   10.0
 2550.0    9.040   10.0
 2560.0    9.048   10.0
 2570.0    9.059   10.0
 2580.0    9.082   10.0
 2590.0    9.086   10.0
 2600.0    9.095   10.0
 2610.0    9.090   10.0
 2620.0    9.094   10.0
 2630.0    9.095   10.0
 2640.0    9.106   10.0
 2650.0    9.115   10.0
 2660.0    9.119   10.0
 2670.0    9.129   10.0
 2680.0    9.138   10.0
 2690.0    9.141   10.0
 2700.0    9.153   10.0
 2710.0    9.155   10.0
 2720.0    9.173   10.0
 2730.0    9.257   10.0
 2740.0    9.230   10.0
 2750.0    9.188   10.0
 2760.0    9.193   10.0
 2770.0    9.194   10.0
 2780.0    9.210   10.0
 2790.0    9.229   10.0
 2800.0    9.252   10.0
 2810.0    9.230   10.0
 2820.0    9.228   10.0
 2830.0    9.237   10.0
 2840.0    9.243   10.0
 2850.0    9.256   10.0
 2860.0    9.258   10.0
 2870.0    9.259   10.0
 2880.0    9.271   10.0
 2890.0    9.278   10.0
 2900.0    9.286   10.0
 2910.0    9.291   10.0
 2920.0    9.297   10.0
 2930.0    9.301   10.0
 2940.0    9.308   10.0
 2950.0    9.315   10.0
 2960.0    9.322   10.0
 2970.0    9.325   10.0
 2980.0    9.334   10.0
 2990.0    9.340   10.0
 3000.0    9.352   10.0
 3010.0    9.354   10.0
 3020.0    9.364   10.0
 3030.0    9.368   10.0
 3040.0    9.368   10.0
 3050.0    9.380   10.0
 3060.0    9.390   10.0
 3070.0    9.398   10.0
 3080.0    9.400   10.0
 3090.0    9.401   10.0
 3100.0    9.410   10.0
 3110.0    9.415   10.0
 3120.0    9.423   10.0
 3130.0    9.430   10.0
 3140.0    9.442   10.0
 3150.0    9.445   10.0
 3160.0    9.449   10.0
 3170.0    9.457   10.0
 3180.0    9.465   10.0
 3190.0    9.477   10.0
 3200.0    9.571   10.0
 3210.0    9.542   10.0
 3220.0    9.495   10.0
 3230.0    9.493   10.0
 3240.0    9.500   10.0
 3250.0    9.508   10.0
 3260.0    9.512   10.0
 3270.0    9.521   10.0
 3280.0    9.524   10.0
 3290.0    9.530   10.0
 3300.0    9.538   10.0
 3310.0    9.541   10.0
 3320.0    9.549   10.0
 3330.0    9.558   10.0
 3340.0    9.561   10.0
 3350.0    9.569   10.0
 3360.0    9.575   10.0
 3370.0    9.580   10.0
 3380.0    9.586   10.0
 3390.0    9.595   10.0
 3400.0    9.596   10.0
 3410.0    9.604   10.0
 3420.0    9.599   10.0
 3430.0    9.604   10.0
 3440.0    9.615   10.0
 3450.0    9.625   10.0
 3460.0    9.627   10.0
 3470.0    9.635   10.0
 3480.0    9.646   10.0
 3490.0    9.647   10.0
 3500.0    9.655   10.0
 3510.0    9.661   10.0
 3520.0    9.662   10.0
 3530.0    9.676   10.0
 3540.0    9.678   10.0
 3550.0    9.680   10.0
 3560.0    9.677   10.0
 3570.0    9.687   10.0
 3580.0    9.700   10.0
 3590.0    9.702   10.0
 3600.0    9.708   10.0
 3610.0    9.711   10.0
 3620.0    9.716   10.0
 3630.0    9.723   10.0
 3640.0    9.727   10.0
 3650.0    9.737   10.0
 3660.0    9.739   10.0
 3670.0    9.748   10.0
 3680.0    9.749   10.0
 3690.0    9.756   10.0
 3700.0    9.762   10.0
 3710.0    9.765   10.0
 3720.0    9.767   10.0
 3730.0    9.781   10.0
 3740.0    9.784   10.0
 3750.0    9.791   10.0
 3760.0    9.796   10.0
 3770.0    9.796   10.0
 3780.0    9.800   10.0
 3790.0    9.814   10.0
 3800.0    9.816   10.0
 3810.0    9.811   10.0
 3820.0    9.815   10.0
 3830.0    9.827   10.0
 3840.0    9.834   10.0
 3850.0    9.828   10.0
 3860.0    9.828   10.0
 3870.0    9.834   10.0
 3880.0    9.865   10.0
 3890.0    9.869   10.0
 3900.0    9.865   10.0
 3910.0    9.861   10.0
 3920.0    9.864   10.0
 3930.0    9.874   10.0
 3940.0    9.886   10.0
 3950.0    9.900   10.0
 3960.0    9.941   10.0
 3970.0    9.959   10.0
 3980.0    9.937   10.0
 3990.0    9.909   10.0
 4000.0    9.900   10.0
 4010.0    9.899   10.0
 4020.0    9.891   10.0
 4030.0    9.891   10.0
 4040.0    9.899   10.0
 4050.0    9.905   10.0
 4060.0    9.901   10.0
 4070.0    9.912   10.0
 4080.0    9.939   10.0
 4090.0    9.987   10.0
 4100.0   10.016   10.0
 4110.0    9.972   10.0
 4120.0    9.947   10.0
 4130.0    9.944   10.0
 4140.0    9.948   10.0
 4150.0    9.952   10.0
 4160.0    9.956   10.0
 4170.0    9.958   10.0
 4180.0    9.969   10.0
 4190.0    9.981   10.0
 4200.0    9.987   10.0
 4210.0    9.987   10.0
 4220.0    9.987   10.0
 4230.0    9.998   10.0
 4240.0   10.001   10.0
 4250.0   10.001   10.0
 4260.0   10.016   10.0
 4270.0   10.012   10.0
 4280.0   10.027   10.0
 4290.0   10.038   10.0
 4300.0   10.050   10.0
 4310.0   10.061   10.0
 4320.0   10.075   10.0
 4330.0   10.130   10.0
 4340.0   10.211   10.0
 4350.0   10.139   10.0
 4360.0   10.083   10.0
 4370.0   10.069   10.0
 4380.0   10.064   10.0
 4390.0   10.069   10.0
 4400.0   10.069   10.0
 4410.0   10.074   10.0
 4420.0   10.081   10.0
 4430.0   10.084   10.0
 4440.0   10.083   10.0
 4450.0   10.082   10.0
 4460.0   10.086   10.0
 4470.0   10.100   10.0
 4480.0   10.105   10.0
 4490.0   10.109   10.0
 4500.0   10.120   10.0
 4510.0   10.128   10.0
 4520.0   10.126   10.0
 4530.0   10.135   10.0
 4540.0   10.168   10.0
 4550.0   10.157   10.0
 4560.0   10.161   10.0
 4570.0   10.160   10.0
 4580.0   10.161   10.0
 4590.0   10.171   10.0
 4600.0   10.175   10.0
 4610.0   10.175   10.0
 4620.0   10.174   10.0
 4630.0   10.177   10.0
 4640.0   10.179   10.0
 4650.0   10.181   10.0
 4660.0   10.197   10.0
 4670.0   10.203   10.0
 4680.0   10.247   10.0
 4690.0   10.333   10.0
 4700.0   10.225   10.0
 4710.0   10.194   10.0
 4720.0   10.191   10.0
 4730.0   10.193   10.0
 4740.0   10.198   10.0
 4750.0   10.206   10.0
 4760.0   10.211   10.0
 4770.0   10.215   10.0
 4780.0   10.219   10.0
 4790.0   10.222   10.0
 4800.0   10.227   10.0
 4810.0   10.235   10.0
 4820.0   10.245   10.0
 4830.0   10.258   10.0
 4840.0   10.274   10.0
 4850.0   10.303   10.0
 4860.0   10.330   10.0
 4870.0   10.326   10.0
 4880.0   10.291   10.0
 4890.0   10.263   10.0
 4900.0   10.263   10.0
 4910.0   10.272   10.0
 4920.0   10.277   10.0
 4930.0   10.284   10.0
 4940.0   10.290   10.0
 4950.0   10.301   10.0
 4960.0   10.309   10.0
 4970.0   10.316   10.0
 4980.0   10.321   10.0
 4990.0   10.321   10.0
 5000.0   10.323   10.0
 5010.0   10.325   10.0
 5020.0   10.330   10.0
 5030.0   10.335   10.0
 5040.0   10.340   10.0
 5050.0   10.343   10.0
 5060.0   10.346   10.0
 5070.0   10.349   10.0
 5080.0   10.351   10.0
 5090.0   10.356   10.0
 5100.0   10.360   10.0
 5110.0   10.363   10.0
 5120.0   10.367   10.0
 5130.0   10.370   10.0
 5140.0   10.372   10.0
 5150.0   10.374   10.0
 5160.0   10.377   10.0
 5170.0   10.380   10.0
 5180.0   10.384   10.0
 5190.0   10.389   10.0
 5200.0   10.393   10.0
 5210.0   10.399   10.0
 5220.0   10.404   10.0
 5230.0   10.410   10.0
 5240.0   10.417   10.0
 5250.0   10.421   10.0
 5260.0   10.419   10.0
 5270.0   10.419   10.0
 5280.0   10.424   10.0
 5290.0   10.431   10.0
 5300.0   10.439   10.0
 5310.0   10.442   10.0
 5320.0   10.444   10.0
 5330.0   10.444   10.0
 5340.0   10.445   10.0
 5350.0   10.455   10.0
 5360.0   10.460   10.0
 5370.0   10.467   10.0
 5380.0   10.475   10.0
 5390.0   10.484   10.0
 5400.0   10.507   10.0
 5410.0   10.553   10.0
 5420.0   10.543   10.0
 5430.0   10.510   10.0
 5440.0   10.503   10.0
 5450.0   10.502   10.0
 5460.0   10.504   10.0
 5470.0   10.506   10.0
 5480.0   10.508   10.0
 5490.0   10.508   10.0
 5500.0   10.513   10.0
 5510.0   10.515   10.0
 5520.0   10.518   10.0
 5530.0   10.522   10.0
 5540.0   10.525   10.0
 5550.0   10.529   10.0
 5560.0   10.533   10.0
 5570.0   10.537   10.0
 5580.0   10.543   10.0
 5590.0   10.543   10.0
 5600.0   10.549   10.0
 5610.0   10.552   10.0
 5620.0   10.554   10.0
 5630.0   10.558   10.0
 5640.0   10.554   10.0
 5650.0   10.566   10.0
 5660.0   10.573   10.0
 5670.0   10.572   10.0
 5680.0   10.577   10.0
 5690.0   10.579   10.0
 5700.0   10.587   10.0
 5710.0   10.588   10.0
 5720.0   10.590   10.0
 5730.0   10.595   10.0
 5740.0   10.600   10.0
 5750.0   10.600   10.0
 5760.0   10.604   10.0
 5770.0   10.609   10.0
 5780.0   10.614   10.0
 5790.0   10.617   10.0
 5800.0   10.619   10.0
 5810.0   10.620   10.0
 5820.0   10.626   10.0
 5830.0   10.630   10.0
 5840.0   10.635   10.0
 5850.0   10.638   10.0
 5860.0   10.642   10.0
 5870.0   10.644   10.0
 5880.0   10.646   10.0
 5890.0   10.654   10.0
 5900.0   10.655   10.0
 5910.0   10.659   10.0
 5920.0   10.662   10.0
 5930.0   10.664   10.0
 5940.0   10.671   10.0
 5950.0   10.672   10.0
 5960.0   10.678   10.0
 5970.0   10.680   10.0
 5980.0   10.681   10.0
 5990.0   10.687   10.0
 6000.0   10.687   10.0
 6010.0   10.693   10.0
 6020.0   10.700   10.0
 6030.0   10.698   10.0
 6040.0   10.703   10.0
 6050.0   10.705   10.0
 6060.0   10.708   10.0
 6070.0   10.712   10.0
 6080.0   10.717   10.0
 6090.0   10.720   10.0
 6100.0   10.725   10.0
 6110.0   10.727   10.0
 6120.0   10.730   10.0
 6130.0   10.732   10.0
 6140.0   10.735   10.0
 6150.0   10.741   10.0
 6160.0   10.743   10.0
 6170.0   10.745   10.0
 6180.0   10.750   10.0
 6190.0   10.752   10.0
 6200.0   10.754   10.0
 6210.0   10.761   10.0
 6220.0   10.766   10.0
 6230.0   10.768   10.0
 6240.0   10.769   10.0
 6250.0   10.772   10.0
 6260.0   10.775   10.0
 6270.0   10.780   10.0
 6280.0   10.779   10.0
 6290.0   10.784   10.0
 6300.0   10.787   10.0
 6310.0   10.786   10.0
 6320.0   10.800   10.0
 6330.0   10.815   10.0
 6340.0   10.817   10.0
 6350.0   10.813   10.0
 6360.0   10.808   10.0
 6370.0   10.813   10.0
 6380.0   10.815   10.0
 6390.0   10.819   10.0
 6400.0   10.822   10.0
 6410.0   10.825   10.0
 6420.0   10.829   10.0
 6430.0   10.830   10.0
 6440.0   10.836   10.0
 6450.0   10.836   10.0
 6460.0   10.840   10.0
 6470.0   10.845   10.0
 6480.0   10.845   10.0
 6490.0   10.849   10.0
 6500.0   10.850   10.0
 6510.0   10.853   10.0
 6520.0   10.865   10.0
 6530.0   10.871   10.0
 6540.0   10.883   10.0
 6550.0   10.922   10.0
 6560.0   10.984   10.0
 6570.0   10.984   10.0
 6580.0   10.929   10.0
 6590.0   10.898   10.0
 6600.0   10.885   10.0
 6610.0   10.886   10.0
 6620.0   10.888   10.0
 6630.0   10.890   10.0
 6640.0   10.897   10.0
 6650.0   10.902   10.0
 6660.0   10.902   10.0
 6670.0   10.908   10.0
 6680.0   10.910   10.0
 6690.0   10.913   10.0
 6700.0   10.914   10.0
 6710.0   10.919   10.0
 6720.0   10.921   10.0
 6730.0   10.927   10.0
 6740.0   10.928   10.0
 6750.0   10.928   10.0
 6760.0   10.931   10.0
 6770.0   10.934   10.0
 6780.0   10.940   10.0
 6790.0   10.943   10.0
 6800.0   10.947   10.0
 6810.0   10.947   10.0
 6820.0   10.951   10.0
 6830.0   10.954   10.0
 6840.0   10.959   10.0
 6850.0   10.962   10.0
 6860.0   10.964   10.0
 6870.0   10.970   10.0
 6880.0   10.974   10.0
 6890.0   10.978   10.0
 6900.0   10.979   10.0
 6910.0   10.977   10.0
 6920.0   10.980   10.0
 6930.0   10.986   10.0
 6940.0   10.987   10.0
 6950.0   10.991   10.0
 6960.0   10.995   10.0
 6970.0   10.996   10.0
 6980.0   10.997   10.0
 6990.0   11.000   10.0
 7000.0   11.003   10.0
 7010.0   11.009   10.0
 7020.0   11.012   10.0
 7030.0   11.012   10.0
 7040.0   11.015   10.0
 7050.0   11.018   10.0
 7060.0   11.022   10.0
 7070.0   11.025   10.0
 7080.0   11.031   10.0
 7090.0   11.034   10.0
 7100.0   11.035   10.0
 7110.0   11.039   10.0
 7120.0   11.039   10.0
 7130.0   11.039   10.0
 7140.0   11.045   10.0
 7150.0   11.050   10.0
 7160.0   11.055   10.0
 7170.0   11.059   10.0
 7180.0   11.066   10.0
 7190.0   11.069   10.0
 7200.0   11.067   10.0
 7210.0   11.069   10.0
 7220.0   11.070   10.0
 7230.0   11.075   10.0
 7240.0   11.072   10.0
 7250.0   11.078   10.0
 7260.0   11.085   10.0
 7270.0   11.084   10.0
 7280.0   11.086   10.0
 7290.0   11.089   10.0
 7300.0   11.093   10.0
 7310.0   11.096   10.0
 7320.0   11.095   10.0
 7330.0   11.098   10.0
 7340.0   11.102   10.0
 7350.0   11.103   10.0
 7360.0   11.107   10.0
 7370.0   11.108   10.0
 7380.0   11.112   10.0
 7390.0   11.117   10.0
 7400.0   11.119   10.0
 7410.0   11.123   10.0
 7420.0   11.125   10.0
 7430.0   11.124   10.0
 7440.0   11.131   10.0
 7450.0   11.134   10.0
 7460.0   11.135   10.0
 7470.0   11.139   10.0
 7480.0   11.142   10.0
 7490.0   11.144   10.0
 7500.0   11.150   10.0
 7510.0   11.149   10.0
 7520.0   11.151   10.0
 7530.0   11.155   10.0
 7540.0   11.160   10.0
 7550.0   11.162   10.0
 7560.0   11.166   10.0
 7570.0   11.172   10.0
 7580.0   11.180   10.0
 7590.0   11.187   10.0
 7600.0   11.187   10.0
 7610.0   11.180   10.0
 7620.0   11.180   10.0
 7630.0   11.185   10.0
 7640.0   11.192   10.0
 7650.0   11.190   10.0
 7660.0   11.191   10.0
 7670.0   11.193   10.0
 7680.0   11.194   10.0
 7690.0   11.200   10.0
 7700.0   11.205   10.0
 7710.0   11.202   10.0
 7720.0   11.201   10.0
 7730.0   11.208   10.0
 7740.0   11.214   10.0
 7750.0   11.217   10.0
 7760.0   11.218   10.0
 7770.0   11.216   10.0
 7780.0   11.223   10.0
 7790.0   11.228   10.0
 7800.0   11.230   10.0
 7810.0   11.230   10.0
 7820.0   11.234   10.0
 7830.0   11.233   10.0
 7840.0   11.238   10.0
 7850.0   11.243   10.0
 7860.0   11.244   10.0
 7870.0   11.247   10.0
 7880.0   11.250   10.0
 7890.0   11.252   10.0
 7900.0   11.247   10.0
 7910.0   11.252   10.0
 7920.0   11.262   10.0
 7930.0   11.263   10.0
 7940.0   11.264   10.0
 7950.0   11.266   10.0
 7960.0   11.266   10.0
 7970.0   11.272   10.0
 7980.0   11.275   10.0
 7990.0   11.275   10.0
 8000.0   11.282   10.0
 8010.0   11.285   10.0
 8020.0   11.283   10.0
 8030.0   11.283   10.0
 8040.0   11.291   10.0
 8050.0   11.298   10.0
 8060.0   11.301   10.0
 8070.0   11.299   10.0
 8080.0   11.300   10.0
 8090.0   11.308   10.0
 8100.0   11.309   10.0
 8110.0   11.309   10.0
 8120.0   11.310   10.0
 8130.0   11.312   10.0
 8140.0   11.316   10.0
 8150.0   11.323   10.0
 8160.0   11.320   10.0
 8170.0   11.320   10.0
 8180.0   11.329   10.0
 8190.0   11.332   10.0
 8200.0   11.337   10.0
 8210.0   11.343   10.0
 8220.0   11.348   10.0
 8230.0   11.359   10.0
 8240.0   11.370   10.0
 8250.0   11.365   10.0
 8260.0   11.356   10.0
 8270.0   11.363   10.0
 8280.0   11.360   10.0
 8290.0   11.359   10.0
 8300.0   11.370   10.0
 8310.0   11.362   10.0
 8320.0   11.361   10.0
 8330.0   11.365   10.0
 8340.0   11.371   10.0
 8350.0   11.377   10.0
 8360.0   11.380   10.0
 8370.0   11.373   10.0
 8380.0   11.376   10.0
 8390.0   11.380   10.0
 8400.0   11.385   10.0
 8410.0   11.388   10.0
 8420.0   11.387   10.0
 8430.0   11.388   10.0
 8440.0   11.394   10.0
 8450.0   11.405   10.0
 8460.0   11.400   10.0
 8470.0   11.398   10.0
 8480.0   11.399   10.0
 8490.0   11.402   10.0
 8500.0   11.405   10.0
 8510.0   11.412   10.0
 8520.0   11.419   10.0
 8530.0   11.419   10.0
 8540.0   11.423   10.0
 8550.0   11.420   10.0
 8560.0   11.421   10.0
 8570.0   11.420   10.0
 8580.0   11.419   10.0
 8590.0   11.429   10.0
 8600.0   11.436   10.0
 8610.0   11.438   10.0
 8620.0   11.436   10.0
 8630.0   11.439   10.0
 8640.0   11.449   10.0
 8650.0   11.447   10.0
 8660.0   11.447   10.0
 8670.0   11.451   10.0
 8680.0   11.450   10.0
 8690.0   11.455   10.0
 8700.0   11.450   10.0
 8710.0   11.455   10.0
 8720.0   11.462   10.0
 8730.0   11.464   10.0
 8740.0   11.466   10.0
 8750.0   11.466   10.0
 8760.0   11.463   10.0
 8770.0   11.466   10.0
 8780.0   11.474   10.0
 8790.0   11.479   10.0
 8800.0   11.478   10.0
 8810.0   11.481   10.0
 8820.0   11.487   10.0
 8830.0   11.492   10.0
 8840.0   11.486   10.0
 8850.0   11.484   10.0
 8860.0   11.497   10.0
 8870.0   11.498   10.0
 8880.0   11.497   10.0
 8890.0   11.500   10.0
 8900.0   11.507   10.0
 8910.0   11.509   10.0
 8920.0   11.501   10.0
 8930.0   11.507   10.0
 8940.0   11.516   10.0
 8950.0   11.515   10.0
 8960.0   11.509   10.0
 8970.0   11.514   10.0
 8980.0   11.527   10.0
 8990.0   11.523   10.0
 9000.0   11.531   10.0
 9010.0   11.538   10.0
 9020.0   11.533   10.0
 9030.0   11.533   10.0
 9040.0   11.543   10.0
 9050.0   11.544   10.0
 9060.0   11.542   10.0
 9070.0   11.530   10.0
 9080.0   11.535   10.0
 9090.0   11.546   10.0
 9100.0   11.549   10.0
 9110.0   11.550   10.0
 9120.0   11.558   10.0
 9130.0   11.564   10.0
 9140.0   11.557   10.0
 9150.0   11.552   10.0
 9160.0   11.563   10.0
 9170.0   11.574   10.0
 9180.0   11.577   10.0
 9190.0   11.574   10.0
 9200.0   11.572   10.0
 9210.0   11.583   10.0
 9220.0   11.600   10.0
 9230.0   11.593   10.0
 9240.0   11.594   10.0
 9250.0   11.600   10.0
 9260.0   11.597   10.0
 9270.0   11.598   10.0
 9280.0   11.599   10.0
 9290.0   11.594   10.0
 9300.0   11.588   10.0
 9310.0   11.609   10.0
 9320.0   11.618   10.0
 9330.0   11.628   10.0
 9340.0   11.640   10.0
 9350.0   11.645   10.0
 9360.0   11.633   10.0
 9370.0   11.625   10.0
 9380.0   11.621   10.0
 9390.0   11.623   10.0
 9400.0   11.621   10.0
 9410.0   11.626   10.0
 9420.0   11.633   10.0
 9430.0   11.630   10.0
 9440.0   11.625   10.0
 9450.0   11.631   10.0
 9460.0   11.644   10.0
 9470.0   11.644   10.0
 9480.0   11.642   10.0
 9490.0   11.649   10.0
 9500.0   11.653   10.0
 9510.0   11.651   10.0
 9520.0   11.651   10.0
 9530.0   11.669   10.0
 9540.0   11.675   10.0
 9550.0   11.677   10.0
 9560.0   11.674   10.0
 9570.0   11.671   10.0
 9580.0   11.672   10.0
 9590.0   11.667   10.0
 9600.0   11.664   10.0
 9610.0   11.665   10.0
 9620.0   11.673   10.0
 9630.0   11.668   10.0
 9640.0   11.673   10.0
 9650.0   11.678   10.0
 9660.0   11.668   10.0
 9670.0   11.671   10.0
 9680.0   11.686   10.0
 9690.0   11.687   10.0
 9700.0   11.675   10.0
 9710.0   11.689   10.0
 9720.0   11.701   10.0
 9730.0   11.692   10.0
 9740.0   11.686   10.0
 9750.0   11.691   10.0
 9760.0   11.689   10.0
 9770.0   11.691   10.0
 9780.0   11.699   10.0
 9790.0   11.699   10.0
 9800.0   11.687   10.0
 9810.0   11.701   10.0
 9820.0   11.705   10.0
 9830.0   11.709   10.0
 9840.0   11.708   10.0
 9850.0   11.702   10.0
 9860.0   11.711   10.0
 9870.0   11.712   10.0
 9880.0   11.714   10.0
 9890.0   11.714   10.0
 9900.0   11.723   10.0
 9910.0   11.728   10.0
 9920.0   11.728   10.0
 9930.0   11.731   10.0
 9940.0   11.727   10.0
 9950.0   11.726   10.0
 9960.0   11.733   10.0
 9970.0   11.737   10.0
 9980.0   11.739   10.0
 9990.0   11.737   10.0
10000.0   11.743   10.0
10010.0   11.743   10.0
10020.0   11.750   10.0
10030.0   11.772   10.0
10040.0   11.769   10.0
10050.0   11.774   10.0
10060.0   11.782   10.0
10070.0   11.779   10.0
10080.0   11.770   10.0
10090.0   11.772   10.0
10100.0   11.770   10.0
10110.0   11.775   10.0
10120.0   11.794   10.0
10130.0   11.796   10.0
10140.0   11.787   10.0
10150.0   11.778   10.0
10160.0   11.769   10.0
10170.0   11.761   10.0
10180.0   11.766   10.0
10190.0   11.761   10.0
