 1100.0    9.046   10.0
 1110.0    9.059   10.0
 1120.0    9.071   10.0
 1130.0    9.084   10.0
 1140.0    9.096   10.0
 1150.0    9.109   10.0
 1160.0    9.122   10.0
 1170.0    9.136   10.0
 1180.0    9.152   10.0
 1190.0    9.172   10.0
 1200.0    9.218   10.0
 1210.0    9.494   10.0
 1220.0    9.622   10.0
 1230.0    9.261   10.0
 1240.0    9.232   10.0
 1250.0    9.235   10.0
 1260.0    9.243   10.0
 1270.0    9.253   10.0
 1280.0    9.264   10.0
 1290.0    9.276   10.0
 1300.0    9.287   10.0
 1310.0    9.298   10.0
 1320.0    9.310   10.0
 1330.0    9.321   10.0
 1340.0    9.332   10.0
 1350.0    9.343   10.0
 1360.0    9.355   10.0
 1370.0    9.366   10.0
 1380.0    9.377   10.0
 1390.0    9.388   10.0
 1400.0    9.399   10.0
 1410.0    9.410   10.0
 1420.0    9.421   10.0
 1430.0    9.432   10.0
 1440.0    9.442   10.0
 1450.0    9.453   10.0
 1460.0    9.464   10.0
 1470.0    9.474   10.0
 1480.0    9.485   10.0
 1490.0    9.496   10.0
 1500.0    9.506   10.0
 1510.0    9.516   10.0
 1520.0    9.527   10.0
 1530.0    9.537   10.0
 1540.0    9.547   10.0
 1550.0    9.558   10.0
 1560.0    9.568   10.0
 1570.0    9.578   10.0
 1580.0    9.588   10.0
 1590.0    9.598   10.0
 1600.0    9.608   10.0
 1610.0    9.618   10.0
 1620.0    9.628   10.0
 1630.0    9.638   10.0
 1640.0    9.648   10.0
 1650.0    9.658   10.0
 1660.0    9.667   10.0
 1670.0    9.677   10.0
 1680.0    9.687   10.0
 1690.0    9.696   10.0
 1700.0    9.706   10.0
 1710.0    9.715   10.0
 1720.0    9.725   10.0
 1730.0    9.734   10.0
 1740.0    9.744   10.0
 1750.0    9.753   10.0
 1760.0    9.763   10.0
 1770.0    9.772   10.0
 1780.0    9.781   10.0
 1790.0    9.790   10.0
 1800.0    9.799   10.0
 1810.0    9.809   10.0
 1820.0    9.818   10.0
 1830.0    9.827   10.0
 1840.0    9.836   10.0
 1850.0    9.845   10.0
 1860.0    9.854   10.0
 1870.0    9.863   10.0
 1880.0    9.871   10.0
 1890.0    9.880   10.0
 1900.0    9.889   10.0
 1910.0    9.898   10.0
 1920.0    9.907   10.0
 1930.0    9.915   10.0
 1940.0    9.924   10.0
 1950.0    9.933   10.0
 1960.0    9.941   10.0
 1970.0    9.950   10.0
 1980.0    9.958   10.0
 1990.0    9.967   10.0
 2000.0    9.975   10.0
 2010.0    9.984   10.0
 2020.0    9.992   10.0
 2030.0   10.000   10.0
 2040.0   10.009   10.0
 2050.0   10.017   10.0
 2060.0   10.025   10.0
 2070.0   10.033   10.0
 2080.0   10.042   10.0
 2090.0   10.050   10.0
 2100.0   10.058   10.0
 2110.0   10.066   10.0
 2120.0   10.074   10.0
 2130.0   10.082   10.0
 2140.0   10.090   10.0
 2150.0   10.098   10.0
 2160.0   10.106   10.0
 2170.0   10.114   10.0
 2180.0   10.122   10.0
 2190.0   10.130   10.0
 2200.0   10.137   10.0
 2210.0   10.145   10.0
 2220.0   10.153   10.0
 2230.0   10.161   10.0
 2240.0   10.168   10.0
 2250.0   10.176   10.0
 2260.0   10.184   10.0
 2270.0   10.191   10.0
 2280.0   10.199   10.0
 2290.0   10.207   10.0
 2300.0   10.214   10.0
 2310.0   10.222   10.0
 2320.0   10.229   10.0
 2330.0   10.237   10.0
 2340.0   10.244   10.0
 2350.0   10.252   10.0
 2360.0   10.259   10.0
 2370.0   10.266   10.0
 2380.0   10.274   10.0
 2390.0   10.281   10.0
 2400.0   10.288   10.0
 2410.0   10.296   10.0
 2420.0   10.303   10.0
 2430.0   10.310   10.0
 2440.0   10.317   10.0
 2450.0   10.324   10.0
 2460.0   10.332   10.0
 2470.0   10.339   10.0
 2480.0   10.346   10.0
 2490.0   10.353   10.0
 2500.0   10.360   10.0
 2510.0   10.367   10.0
 2520.0   10.374   10.0
 2530.0   10.381   10.0
 2540.0   10.388   10.0
 2550.0   10.395   10.0
 2560.0   10.402   10.0
 2570.0   10.409   10.0
 2580.0   10.415   10.0
 2590.0   10.422   10.0
 2600.0   10.429   10.0
 2610.0   10.436   10.0
 2620.0   10.443   10.0
 2630.0   10.450   10.0
 2640.0   10.456   10.0
 2650.0   10.463   10.0
 2660.0   10.470   10.0
 2670.0   10.476   10.0
 2680.0   10.483   10.0
 2690.0   10.490   10.0
 2700.0   10.496   10.0
 2710.0   10.503   10.0
 2720.0   10.509   10.0
 2730.0   10.516   10.0
 2740.0   10.522   10.0
 2750.0   10.529   10.0
 2760.0   10.535   10.0
 2770.0   10.542   10.0
 2780.0   10.548   10.0
 2790.0   10.555   10.0
 2800.0   10.561   10.0
 2810.0   10.568   10.0
 2820.0   10.574   10.0
 2830.0   10.580   10.0
 2840.0   10.587   10.0
 2850.0   10.593   10.0
 2860.0   10.599   10.0
 2870.0   10.606   10.0
 2880.0   10.612   10.0
 2890.0   10.618   10.0
 2900.0   10.624   10.0
 2910.0   10.631   10.0
 2920.0   10.637   10.0
 2930.0   10.643   10.0
 2940.0   10.649   10.0
 2950.0   10.655   10.0
 2960.0   10.661   10.0
 2970.0   10.667   10.0
 2980.0   10.674   10.0
 2990.0   10.680   10.0
 3000.0   10.686   10.0
 3010.0   10.692   10.0
 3020.0   10.698   10.0
 3030.0   10.704   10.0
 3040.0   10.710   10.0
 3050.0   10.716   10.0
 3060.0   10.722   10.0
 3070.0   10.727   10.0
 3080.0   10.733   10.0
 3090.0   10.739   10.0
 3100.0   10.745   10.0
 3110.0   10.751   10.0
 3120.0   10.757   10.0
 3130.0   10.763   10.0
 3140.0   10.769   10.0
 3150.0   10.774   10.0
 3160.0   10.780   10.0
 3170.0   10.786   10.0
 3180.0   10.792   10.0
 3190.0   10.797   10.0
 3200.0   10.803   10.0
 3210.0   10.809   10.0
 3220.0   10.815   10.0
 3230.0   10.820   10.0
 3240.0   10.826   10.0
 3250.0   10.831   10.0
 3260.0   10.837   10.0
 3270.0   10.843   10.0
 3280.0   10.848   10.0
 3290.0   10.854   10.0
 3300.0   10.859   10.0
 3310.0   10.865   10.0
 3320.0   10.871   10.0
 3330.0   10.876   10.0
 3340.0   10.882   10.0
 3350.0   10.887   10.0
 3360.0   10.893   10.0
 3370.0   10.898   10.0
 3380.0   10.904   10.0
 3390.0   10.909   10.0
 3400.0   10.914   10.0
 3410.0   10.920   10.0
 3420.0   10.925   10.0
 3430.0   10.931   10.0
 3440.0   10.936   10.0
 3450.0   10.941   10.0
 3460.0   10.947   10.0
 3470.0   10.952   10.0
 3480.0   10.957   10.0
 3490.0   10.963   10.0
 3500.0   10.968   10.0
 3510.0   10.973   10.0
 3520.0   10.979   10.0
 3530.0   10.984   10.0
 3540.0   10.989   10.0
 3550.0   10.994   10.0
 3560.0   10.999   10.0
 3570.0   11.005   10.0
 3580.0   11.010   10.0
 3590.0   11.015   10.0
 3600.0   11.020   10.0
 3610.0   11.025   10.0
 3620.0   11.030   10.0
 3630.0   11.036   10.0
 3640.0   11.041   10.0
 3650.0   11.046   10.0
 3660.0   11.051   10.0
 3670.0   11.056   10.0
 3680.0   11.062   10.0
 3690.0   11.067   10.0
 3700.0   11.073   10.0
 3710.0   11.078   10.0
 3720.0   11.083   10.0
 3730.0   11.088   10.0
 3740.0   11.093   10.0
 3750.0   11.098   10.0
 3760.0   11.103   10.0
 3770.0   11.108   10.0
 3780.0   11.112   10.0
 3790.0   11.117   10.0
 3800.0   11.121   10.0
 3810.0   11.124   10.0
 3820.0   11.129   10.0
 3830.0   11.136   10.0
 3840.0   11.140   10.0
 3850.0   11.140   10.0
 3860.0   11.143   10.0
 3870.0   11.150   10.0
 3880.0   11.164   10.0
 3890.0   11.176   10.0
 3900.0   11.170   10.0
 3910.0   11.162   10.0
 3920.0   11.160   10.0
 3930.0   11.163   10.0
 3940.0   11.173   10.0
 3950.0   11.190   10.0
 3960.0   11.218   10.0
 3970.0   11.249   10.0
 3980.0   11.233   10.0
 3990.0   11.210   10.0
 4000.0   11.196   10.0
 4010.0   11.190   10.0
 4020.0   11.189   10.0
 4030.0   11.191   10.0
 4040.0   11.195   10.0
 4050.0   11.202   10.0
 4060.0   11.213   10.0
 4070.0   11.229   10.0
 4080.0   11.255   10.0
 4090.0   11.296   10.0
 4100.0   11.349   10.0
 4110.0   11.334   10.0
 4120.0   11.291   10.0
 4130.0   11.265   10.0
 4140.0   11.253   10.0
 4150.0   11.247   10.0
 4160.0   11.246   10.0
 4170.0   11.247   10.0
 4180.0   11.249   10.0
 4190.0   11.253   10.0
 4200.0   11.256   10.0
 4210.0   11.260   10.0
 4220.0   11.265   10.0
 4230.0   11.270   10.0
 4240.0   11.275   10.0
 4250.0   11.280   10.0
 4260.0   11.286   10.0
 4270.0   11.292   10.0
 4280.0   11.299   10.0
 4290.0   11.309   10.0
 4300.0   11.322   10.0
 4310.0   11.341   10.0
 4320.0   11.372   10.0
 4330.0   11.424   10.0
 4340.0   11.489   10.0
 4350.0   11.454   10.0
 4360.0   11.401   10.0
 4370.0   11.373   10.0
 4380.0   11.359   10.0
 4390.0   11.354   10.0
 4400.0   11.353   10.0
 4410.0   11.354   10.0
 4420.0   11.356   10.0
 4430.0   11.359   10.0
 4440.0   11.362   10.0
 4450.0   11.366   10.0
 4460.0   11.370   10.0
 4470.0   11.374   10.0
 4480.0   11.378   10.0
 4490.0   11.382   10.0
 4500.0   11.386   10.0
 4510.0   11.391   10.0
 4520.0   11.395   10.0
 4530.0   11.399   10.0
 4540.0   11.403   10.0
 4550.0   11.408   10.0
 4560.0   11.412   10.0
 4570.0   11.416   10.0
 4580.0   11.421   10.0
 4590.0   11.425   10.0
 4600.0   11.429   10.0
 4610.0   11.433   10.0
 4620.0   11.438   10.0
 4630.0   11.442   10.0
 4640.0   11.446   10.0
 4650.0   11.451   10.0
 4660.0   11.455   10.0
 4670.0   11.459   10.0
 4680.0   11.463   10.0
 4690.0   11.468   10.0
 4700.0   11.472   10.0
 4710.0   11.477   10.0
 4720.0   11.481   10.0
 4730.0   11.485   10.0
 4740.0   11.490   10.0
 4750.0   11.495   10.0
 4760.0   11.500   10.0
 4770.0   11.505   10.0
 4780.0   11.510   10.0
 4790.0   11.516   10.0
 4800.0   11.523   10.0
 4810.0   11.532   10.0
 4820.0   11.544   10.0
 4830.0   11.561   10.0
 4840.0   11.589   10.0
 4850.0   11.635   10.0
 4860.0   11.701   10.0
 4870.0   11.676   10.0
 4880.0   11.624   10.0
 4890.0   11.595   10.0
 4900.0   11.581   10.0
 4910.0   11.575   10.0
 4920.0   11.573   10.0
 4930.0   11.573   10.0
 4940.0   11.575   10.0
 4950.0   11.578   10.0
 4960.0   11.581   10.0
 4970.0   11.584   10.0
 4980.0   11.587   10.0
 4990.0   11.591   10.0
 5000.0   11.594   10.0
 5010.0   11.598   10.0
 5020.0   11.602   10.0
 5030.0   11.606   10.0
 5040.0   11.609   10.0
 5050.0   11.613   10.0
 5060.0   11.617   10.0
 5070.0   11.621   10.0
 5080.0   11.625   10.0
 5090.0   11.629   10.0
 5100.0   11.633   10.0
 5110.0   11.636   10.0
 5120.0   11.640   10.0
 5130.0   11.644   10.0
 5140.0   11.648   10.0
 5150.0   11.652   10.0
 5160.0   11.656   10.0
 5170.0   11.659   10.0
 5180.0   11.663   10.0
 5190.0   11.667   10.0
 5200.0   11.671   10.0
 5210.0   11.675   10.0
 5220.0   11.678   10.0
 5230.0   11.682   10.0
 5240.0   11.686   10.0
 5250.0   11.690   10.0
 5260.0   11.694   10.0
 5270.0   11.697   10.0
 5280.0   11.701   10.0
 5290.0   11.705   10.0
 5300.0   11.709   10.0
 5310.0   11.712   10.0
 5320.0   11.716   10.0
 5330.0   11.720   10.0
 5340.0   11.723   10.0
 5350.0   11.727   10.0
 5360.0   11.731   10.0
 5370.0   11.735   10.0
 5380.0   11.738   10.0
 5390.0   11.742   10.0
 5400.0   11.746   10.0
 5410.0   11.749   10.0
 5420.0   11.753   10.0
 5430.0   11.757   10.0
 5440.0   11.760   10.0
 5450.0   11.764   10.0
 5460.0   11.768   10.0
 5470.0   11.771   10.0
 5480.0   11.775   10.0
 5490.0   11.779   10.0
 5500.0   11.782   10.0
 5510.0   11.786   10.0
 5520.0   11.789   10.0
 5530.0   11.793   10.0
 5540.0   11.797   10.0
 5550.0   11.800   10.0
 5560.0   11.804   10.0
 5570.0   11.807   10.0
 5580.0   11.811   10.0
 5590.0   11.815   10.0
 5600.0   11.818   10.0
 5610.0   11.822   10.0
 5620.0   11.825   10.0
 5630.0   11.829   10.0
 5640.0   11.832   10.0
 5650.0   11.836   10.0
 5660.0   11.839   10.0
 5670.0   11.843   10.0
 5680.0   11.846   10.0
 5690.0   11.850   10.0
 5700.0   11.853   10.0
 5710.0   11.857   10.0
 5720.0   11.860   10.0
 5730.0   11.864   10.0
 5740.0   11.867   10.0
 5750.0   11.871   10.0
 5760.0   11.874   10.0
 5770.0   11.878   10.0
 5780.0   11.881   10.0
 5790.0   11.885   10.0
 5800.0   11.888   10.0
 5810.0   11.892   10.0
 5820.0   11.895   10.0
 5830.0   11.899   10.0
 5840.0   11.902   10.0
 5850.0   11.905   10.0
 5860.0   11.909   10.0
 5870.0   11.912   10.0
 5880.0   11.916   10.0
 5890.0   11.919   10.0
 5900.0   11.922   10.0
 5910.0   11.926   10.0
 5920.0   11.929   10.0
 5930.0   11.933   10.0
 5940.0   11.936   10.0
 5950.0   11.939   10.0
 5960.0   11.943   10.0
 5970.0   11.946   10.0
 5980.0   11.949   10.0
 5990.0   11.953   10.0
 6000.0   11.956   10.0
 6010.0   11.959   10.0
 6020.0   11.963   10.0
 6030.0   11.966   10.0
 6040.0   11.969   10.0
 6050.0   11.973   10.0
 6060.0   11.976   10.0
 6070.0   11.979   10.0
 6080.0   11.983   10.0
 6090.0   11.986   10.0
 6100.0   11.989   10.0
 6110.0   11.993   10.0
 6120.0   11.996   10.0
 6130.0   11.999   10.0
 6140.0   12.002   10.0
 6150.0   12.006   10.0
 6160.0   12.009   10.0
 6170.0   12.012   10.0
 6180.0   12.015   10.0
 6190.0   12.019   10.0
 6200.0   12.022   10.0
 6210.0   12.025   10.0
 6220.0   12.028   10.0
 6230.0   12.032   10.0
 6240.0   12.035   10.0
 6250.0   12.038   10.0
 6260.0   12.041   10.0
 6270.0   12.045   10.0
 6280.0   12.048   10.0
 6290.0   12.051   10.0
 6300.0   12.054   10.0
 6310.0   12.057   10.0
 6320.0   12.061   10.0
 6330.0   12.064   10.0
 6340.0   12.067   10.0
 6350.0   12.070   10.0
 6360.0   12.073   10.0
 6370.0   12.077   10.0
 6380.0   12.080   10.0
 6390.0   12.083   10.0
 6400.0   12.086   10.0
 6410.0   12.090   10.0
 6420.0   12.093   10.0
 6430.0   12.096   10.0
 6440.0   12.100   10.0
 6450.0   12.103   10.0
 6460.0   12.107   10.0
 6470.0   12.111   10.0
 6480.0   12.115   10.0
 6490.0   12.119   10.0
 6500.0   12.124   10.0
 6510.0   12.130   10.0
 6520.0   12.138   10.0
 6530.0   12.149   10.0
 6540.0   12.168   10.0
 6550.0   12.198   10.0
 6560.0   12.249   10.0
 6570.0   12.250   10.0
 6580.0   12.204   10.0
 6590.0   12.181   10.0
 6600.0   12.169   10.0
 6610.0   12.164   10.0
 6620.0   12.163   10.0
 6630.0   12.163   10.0
 6640.0   12.164   10.0
 6650.0   12.166   10.0
 6660.0   12.168   10.0
 6670.0   12.171   10.0
 6680.0   12.173   10.0
 6690.0   12.176   10.0
 6700.0   12.179   10.0
 6710.0   12.182   10.0
 6720.0   12.185   10.0
 6730.0   12.187   10.0
 6740.0   12.190   10.0
 6750.0   12.193   10.0
 6760.0   12.196   10.0
 6770.0   12.199   10.0
 6780.0   12.202   10.0
 6790.0   12.205   10.0
 6800.0   12.208   10.0
 6810.0   12.211   10.0
 6820.0   12.214   10.0
 6830.0   12.217   10.0
 6840.0   12.220   10.0
 6850.0   12.223   10.0
 6860.0   12.225   10.0
 6870.0   12.228   10.0
 6880.0   12.231   10.0
 6890.0   12.234   10.0
 6900.0   12.237   10.0
 6910.0   12.240   10.0
 6920.0   12.243   10.0
 6930.0   12.246   10.0
 6940.0   12.249   10.0
 6950.0   12.252   10.0
 6960.0   12.255   10.0
 6970.0   12.257   10.0
 6980.0   12.260   10.0
 6990.0   12.263   10.0
 7000.0   12.266   10.0
 7010.0   12.269   10.0
 7020.0   12.272   10.0
 7030.0   12.275   10.0
 7040.0   12.278   10.0
 7050.0   12.281   10.0
 7060.0   12.283   10.0
 7070.0   12.286   10.0
 7080.0   12.289   10.0
 7090.0   12.292   10.0
 7100.0   12.295   10.0
 7110.0   12.298   10.0
 7120.0   12.300   10.0
 7130.0   12.303   10.0
 7140.0   12.306   10.0
 7150.0   12.309   10.0
 7160.0   12.312   10.0
 7170.0   12.315   10.0
 7180.0   12.317   10.0
 7190.0   12.320   10.0
 7200.0   12.323   10.0
 7210.0   12.326   10.0
 7220.0   12.329   10.0
 7230.0   12.331   10.0
 7240.0   12.334   10.0
 7250.0   12.337   10.0
 7260.0   12.340   10.0
 7270.0   12.343   10.0
 7280.0   12.345   10.0
 7290.0   12.348   10.0
 7300.0   12.351   10.0
 7310.0   12.354   10.0
 7320.0   12.356   10.0
 7330.0   12.359   10.0
 7340.0   12.362   10.0
 7350.0   12.365   10.0
 7360.0   12.368   10.0
 7370.0   12.370   10.0
 7380.0   12.373   10.0
 7390.0   12.376   10.0
 7400.0   12.379   10.0
 7410.0   12.381   10.0
 7420.0   12.384   10.0
 7430.0   12.387   10.0
 7440.0   12.389   10.0
 7450.0   12.392   10.0
 7460.0   12.395   10.0
 7470.0   12.398   10.0
 7480.0   12.400   10.0
 7490.0   12.403   10.0
 7500.0   12.406   10.0
 7510.0   12.408   10.0
 7520.0   12.411   10.0
 7530.0   12.414   10.0
 7540.0   12.416   10.0
 7550.0   12.419   10.0
 7560.0   12.422   10.0
 7570.0   12.425   10.0
 7580.0   12.427   10.0
 7590.0   12.430   10.0
 7600.0   12.433   10.0
 7610.0   12.435   10.0
 7620.0   12.438   10.0
 7630.0   12.441   10.0
 7640.0   12.443   10.0
 7650.0   12.446   10.0
 7660.0   12.449   10.0
 7670.0   12.451   10.0
 7680.0   12.454   10.0
 7690.0   12.456   10.0
 7700.0   12.459   10.0
 7710.0   12.462   10.0
 7720.0   12.464   10.0
 7730.0   12.467   10.0
 7740.0   12.470   10.0
 7750.0   12.472   10.0
 7760.0   12.475   10.0
 7770.0   12.477   10.0
 7780.0   12.480   10.0
 7790.0   12.483   10.0
 7800.0   12.485   10.0
 7810.0   12.488   10.0
 7820.0   12.490   10.0
 7830.0   12.493   10.0
 7840.0   12.496   10.0
 7850.0   12.498   10.0
 7860.0   12.501   10.0
 7870.0   12.503   10.0
 7880.0   12.506   10.0
 7890.0   12.509   10.0
 7900.0   12.511   10.0
 7910.0   12.514   10.0
 7920.0   12.516   10.0
 7930.0   12.519   10.0
 7940.0   12.521   10.0
 7950.0   12.524   10.0
 7960.0   12.527   10.0
 7970.0   12.529   10.0
 7980.0   12.532   10.0
 7990.0   12.534   10.0
 8000.0   12.537   10.0
 8010.0   12.539   10.0
 8020.0   12.542   10.0
 8030.0   12.544   10.0
 8040.0   12.547   10.0
 8050.0   12.549   10.0
 8060.0   12.552   10.0
 8070.0   12.554   10.0
 8080.0   12.557   10.0
 8090.0   12.559   10.0
 8100.0   12.562   10.0
 8110.0   12.565   10.0
 8120.0   12.567   10.0
 8130.0   12.570   10.0
 8140.0   12.572   10.0
 8150.0   12.575   10.0
 8160.0   12.577   10.0
 8170.0   12.580   10.0
 8180.0   12.582   10.0
 8190.0   12.584   10.0
 8200.0   12.587   10.0
 8210.0   12.589   10.0
 8220.0   12.592   10.0
 8230.0   12.594   10.0
 8240.0   12.597   10.0
 8250.0   12.599   10.0
 8260.0   12.602   10.0
 8270.0   12.604   10.0
 8280.0   12.607   10.0
 8290.0   12.609   10.0
 8300.0   12.612   10.0
 8310.0   12.614   10.0
 8320.0   12.617   10.0
 8330.0   12.619   10.0
 8340.0   12.621   10.0
 8350.0   12.624   10.0
 8360.0   12.626   10.0
 8370.0   12.629   10.0
 8380.0   12.631   10.0
 8390.0   12.634   10.0
 8400.0   12.636   10.0
 8410.0   12.639   10.0
 8420.0   12.641   10.0
 8430.0   12.644   10.0
 8440.0   12.646   10.0
 8450.0   12.648   10.0
 8460.0   12.651   10.0
 8470.0   12.653   10.0
 8480.0   12.656   10.0
 8490.0   12.658   10.0
 8500.0   12.660   10.0
 8510.0   12.663   10.0
 8520.0   12.665   10.0
 8530.0   12.668   10.0
 8540.0   12.670   10.0
 8550.0   12.672   10.0
 8560.0   12.675   10.0
 8570.0   12.677   10.0
 8580.0   12.680   10.0
 8590.0   12.682   10.0
 8600.0   12.684   10.0
 8610.0   12.687   10.0
 8620.0   12.689   10.0
 8630.0   12.692   10.0
 8640.0   12.694   10.0
 8650.0   12.696   10.0
 8660.0   12.699   10.0
 8670.0   12.701   10.0
 8680.0   12.703   10.0
 8690.0   12.706   10.0
 8700.0   12.708   10.0
 8710.0   12.710   10.0
 8720.0   12.713   10.0
 8730.0   12.715   10.0
 8740.0   12.717   10.0
 8750.0   12.720   10.0
 8760.0   12.722   10.0
 8770.0   12.724   10.0
 8780.0   12.727   10.0
 8790.0   12.729   10.0
 8800.0   12.731   10.0
 8810.0   12.734   10.0
 8820.0   12.736   10.0
 8830.0   12.738   10.0
 8840.0   12.740   10.0
 8850.0   12.743   10.0
 8860.0   12.745   10.0
 8870.0   12.747   10.0
 8880.0   12.749   10.0
 8890.0   12.752   10.0
 8900.0   12.754   10.0
 8910.0   12.756   10.0
 8920.0   12.759   10.0
 8930.0   12.761   10.0
 8940.0   12.763   10.0
 8950.0   12.765   10.0
 8960.0   12.768   10.0
 8970.0   12.770   10.0
 8980.0   12.772   10.0
 8990.0   12.775   10.0
 9000.0   12.777   10.0
 9010.0   12.779   10.0
 9020.0   12.781   10.0
 9030.0   12.783   10.0
 9040.0   12.786   10.0
 9050.0   12.788   10.0
 9060.0   12.790   10.0
 9070.0   12.792   10.0
 9080.0   12.794   10.0
 9090.0   12.797   10.0
 9100.0   12.799   10.0
 9110.0   12.801   10.0
 9120.0   12.803   10.0
 9130.0   12.806   10.0
 9140.0   12.808   10.0
 9150.0   12.810   10.0
 9160.0   12.813   10.0
 9170.0   12.815   10.0
 9180.0   12.818   10.0
 9190.0   12.820   10.0
 9200.0   12.822   10.0
 9210.0   12.825   10.0
 9220.0   12.827   10.0
 9230.0   12.829   10.0
 9240.0   12.831   10.0
 9250.0   12.833   10.0
 9260.0   12.835   10.0
 9270.0   12.837   10.0
 9280.0   12.839   10.0
 9290.0   12.841   10.0
 9300.0   12.843   10.0
 9310.0   12.845   10.0
 9320.0   12.847   10.0
 9330.0   12.849   10.0
 9340.0   12.851   10.0
 9350.0   12.853   10.0
 9360.0   12.855   10.0
 9370.0   12.857   10.0
 9380.0   12.859   10.0
 9390.0   12.862   10.0
 9400.0   12.864   10.0
 9410.0   12.866   10.0
 9420.0   12.869   10.0
 9430.0   12.871   10.0
 9440.0   12.874   10.0
 9450.0   12.876   10.0
 9460.0   12.879   10.0
 9470.0   12.881   10.0
 9480.0   12.884   10.0
 9490.0   12.887   10.0
 9500.0   12.890   10.0
 9510.0   12.893   10.0
 9520.0   12.895   10.0
 9530.0   12.898   10.0
 9540.0   12.900   10.0
 9550.0   12.902   10.0
 9560.0   12.905   10.0
 9570.0   12.906   10.0
 9580.0   12.908   10.0
 9590.0   12.909   10.0
 9600.0   12.910   10.0
 9610.0   12.912   10.0
 9620.0   12.913   10.0
 9630.0   12.915   10.0
 9640.0   12.916   10.0
 9650.0   12.918   10.0
 9660.0   12.920   10.0
 9670.0   12.921   10.0
 9680.0   12.923   10.0
 9690.0   12.925   10.0
 9700.0   12.927   10.0
 9710.0   12.929   10.0
 9720.0   12.930   10.0
 9730.0   12.932   10.0
 9740.0   12.934   10.0
 9750.0   12.936   10.0
 9760.0   12.938   10.0
 9770.0   12.940   10.0
 9780.0   12.943   10.0
 9790.0   12.945   10.0
 9800.0   12.947   10.0
 9810.0   12.949   10.0
 9820.0   12.951   10.0
 9830.0   12.953   10.0
 9840.0   12.955   10.0
 9850.0   12.958   10.0
 9860.0   12.960   10.0
 9870.0   12.962   10.0
 9880.0   12.964   10.0
 9890.0   12.967   10.0
 9900.0   12.969   10.0
 9910.0   12.972   10.0
 9920.0   12.974   10.0
 9930.0   12.977   10.0
 9940.0   12.980   10.0
 9950.0   12.983   10.0
 9960.0   12.986   10.0
 9970.0   12.989   10.0
 9980.0   12.992   10.0
 9990.0   12.995   10.0
10000.0   12.999   10.0
10010.0   13.003   10.0
10020.0   13.007   10.0
10030.0   13.011   10.0
10040.0   13.014   10.0
10050.0   13.014   10.0
10060.0   13.017   10.0
10070.0   13.019   10.0
10080.0   13.020   10.0
10090.0   13.020   10.0
10100.0   13.020   10.0
10110.0   13.020   10.0
10120.0   13.021   10.0
10130.0   13.022   10.0
10140.0   13.023   10.0
10150.0   13.024   10.0
10160.0   13.025   10.0
10170.0   13.026   10.0
10180.0   13.028   10.0
10190.0   13.029   10.0
10200.0   13.031   10.0
10210.0   13.032   10.0
10220.0   13.034   10.0
10230.0   13.036   10.0
10240.0   13.037   10.0
10250.0   13.039   10.0
10260.0   13.041   10.0
10270.0   13.043   10.0
10280.0   13.045   10.0
10290.0   13.047   10.0
10300.0   13.049   10.0
10310.0   13.050   10.0
10320.0   13.052   10.0
10330.0   13.054   10.0
10340.0   13.056   10.0
10350.0   13.058   10.0
10360.0   13.060   10.0
10370.0   13.062   10.0
10380.0   13.064   10.0
10390.0   13.066   10.0
10400.0   13.068   10.0
10410.0   13.070   10.0
10420.0   13.072   10.0
10430.0   13.074   10.0
10440.0   13.076   10.0
10450.0   13.078   10.0
10460.0   13.080   10.0
10470.0   13.082   10.0
10480.0   13.084   10.0
10490.0   13.086   10.0
10500.0   13.088   10.0
10510.0   13.090   10.0
10520.0   13.091   10.0
10530.0   13.093   10.0
10540.0   13.095   10.0
10550.0   13.097   10.0
10560.0   13.099   10.0
10570.0   13.101   10.0
10580.0   13.103   10.0
10590.0   13.105   10.0
10600.0   13.107   10.0
10610.0   13.109   10.0
10620.0   13.111   10.0
10630.0   13.113   10.0
10640.0   13.115   10.0
10650.0   13.117   10.0
10660.0   13.119   10.0
10670.0   13.121   10.0
10680.0   13.123   10.0
10690.0   13.125   10.0
10700.0   13.127   10.0
10710.0   13.129   10.0
10720.0   13.131   10.0
10730.0   13.134   10.0
10740.0   13.136   10.0
10750.0   13.138   10.0
10760.0   13.140   10.0
10770.0   13.142   10.0
10780.0   13.145   10.0
10790.0   13.147   10.0
10800.0   13.149   10.0
10810.0   13.152   10.0
10820.0   13.155   10.0
10830.0   13.157   10.0
10840.0   13.160   10.0
10850.0   13.164   10.0
10860.0   13.167   10.0
10870.0   13.171   10.0
10880.0   13.175   10.0
10890.0   13.180   10.0
10900.0   13.184   10.0
10910.0   13.189   10.0
10920.0   13.194   10.0
10930.0   13.197   10.0
10940.0   13.196   10.0
10950.0   13.200   10.0
10960.0   13.201   10.0
10970.0   13.201   10.0
10980.0   13.200   10.0
10990.0   13.198   10.0
11000.0   13.198   10.0
11010.0   13.197   10.0
11020.0   13.197   10.0
11030.0   13.197   10.0
11040.0   13.198   10.0
11050.0   13.199   10.0
11060.0   13.199   10.0
11070.0   13.201   10.0
11080.0   13.202   10.0
11090.0   13.203   10.0
11100.0   13.205   10.0
11110.0   13.206   10.0
11120.0   13.208   10.0
11130.0   13.209   10.0
11140.0   13.211   10.0
11150.0   13.212   10.0
11160.0   13.214   10.0
11170.0   13.216   10.0
11180.0   13.218   10.0
11190.0   13.219   10.0
11200.0   13.221   10.0
11210.0   13.223   10.0
11220.0   13.225   10.0
11230.0   13.226   10.0
11240.0   13.228   10.0
11250.0   13.230   10.0
11260.0   13.232   10.0
11270.0   13.233   10.0
11280.0   13.235   10.0
11290.0   13.237   10.0
11300.0   13.239   10.0
11310.0   13.241   10.0
11320.0   13.242   10.0
11330.0   13.244   10.0
11340.0   13.246   10.0
11350.0   13.248   10.0
11360.0   13.250   10.0
11370.0   13.251   10.0
11380.0   13.253   10.0
11390.0   13.255   10.0
11400.0   13.257   10.0
11410.0   13.259   10.0
11420.0   13.260   10.0
11430.0   13.262   10.0
11440.0   13.264   10.0
11450.0   13.266   10.0
11460.0   13.268   10.0
11470.0   13.269   10.0
11480.0   13.271   10.0
11490.0   13.273   10.0
11500.0   13.275   10.0
11510.0   13.277   10.0
11520.0   13.278   10.0
11530.0   13.280   10.0
11540.0   13.282   10.0
11550.0   13.284   10.0
11560.0   13.286   10.0
11570.0   13.287   10.0
11580.0   13.289   10.0
11590.0   13.291   10.0
11600.0   13.293   10.0
11610.0   13.294   10.0
11620.0   13.296   10.0
11630.0   13.298   10.0
11640.0   13.300   10.0
11650.0   13.302   10.0
11660.0   13.303   10.0
11670.0   13.305   10.0
11680.0   13.307   10.0
11690.0   13.309   10.0
11700.0   13.310   10.0
11710.0   13.312   10.0
11720.0   13.314   10.0
11730.0   13.316   10.0
11740.0   13.317   10.0
11750.0   13.319   10.0
11760.0   13.321   10.0
11770.0   13.323   10.0
11780.0   13.325   10.0
11790.0   13.326   10.0
11800.0   13.328   10.0
11810.0   13.330   10.0
11820.0   13.332   10.0
11830.0   13.333   10.0
11840.0   13.335   10.0
11850.0   13.337   10.0
11860.0   13.339   10.0
11870.0   13.340   10.0
11880.0   13.342   10.0
11890.0   13.344   10.0
11900.0   13.345   10.0
11910.0   13.347   10.0
11920.0   13.349   10.0
11930.0   13.351   10.0
11940.0   13.352   10.0
11950.0   13.354   10.0
11960.0   13.356   10.0
11970.0   13.358   10.0
11980.0   13.359   10.0
11990.0   13.361   10.0
