 1200.0   10.984   10.0
 1210.0   11.498   10.0
 1220.0   11.299   10.0
 1230.0   10.681   10.0
 1240.0   10.609   10.0
 1250.0   10.678   10.0
 1260.0   10.710   10.0
 1270.0   10.589   10.0
 1280.0   10.577   10.0
 1290.0   10.582   10.0
 1300.0   10.783   10.0
 1310.0   10.565   10.0
 1320.0   10.553   10.0
 1330.0   10.620   10.0
 1340.0   10.604   10.0
 1350.0   10.499   10.0
 1360.0   10.501   10.0
 1370.0   10.521   10.0
 1380.0   10.528   10.0
 1390.0   10.626   10.0
 1400.0   10.623   10.0
 1410.0   10.502   10.0
 1420.0   10.513   10.0
 1430.0   10.509   10.0
 1440.0   10.495   10.0
 1450.0   10.474   10.0
 1460.0   10.466   10.0
 1470.0   10.511   10.0
 1480.0   10.494   10.0
 1490.0   10.501   10.0
 1500.0   10.539   10.0
 1510.0   10.500   10.0
 1520.0   10.490   10.0
 1530.0   10.590   10.0
 1540.0   10.568   10.0
 1550.0   10.657   10.0
 1560.0   10.516   10.0
 1570.0   10.487   10.0
 1580.0   10.488   10.0
 1590.0   10.441   10.0
 1600.0   10.501   10.0
 1610.0   10.544   10.0
 1620.0   10.490   10.0
 1630.0   10.473   10.0
 1640.0   10.459   10.0
 1650.0   10.444   10.0
 1660.0   10.460   10.0
 1670.0   10.505   10.0
 1680.0   10.430   10.0
 1690.0   10.444   10.0
 1700.0   10.455   10.0
 1710.0   10.489   10.0
 1720.0   10.541   10.0
 1730.0   10.466   10.0
 1740.0   10.487   10.0
 1750.0   10.483   10.0
 1760.0   10.446   10.0
 1770.0   10.465   10.0
 1780.0   10.434   10.0
 1790.0   10.427   10.0
 1800.0   10.404   10.0
 1810.0   10.429   10.0
 1820.0   10.438   10.0
 1830.0   10.426   10.0
 1840.0   10.487   10.0
 1850.0   10.551   10.0
 1860.0   10.506   10.0
 1870.0   10.456   10.0
 1880.0   10.500   10.0
 1890.0   10.607   10.0
 1900.0   10.525   10.0
 1910.0   10.525   10.0
 1920.0   10.570   10.0
 1930.0   10.548   10.0
 1940.0   10.498   10.0
 1950.0   10.533   10.0
 1960.0   10.555   10.0
 1970.0   10.430   10.0
 1980.0   10.474   10.0
 1990.0   10.542   10.0
 2000.0   10.526   10.0
 2010.0   10.479   10.0
 2020.0   10.435   10.0
 2030.0   10.466   10.0
 2040.0   10.514   10.0
 2050.0   10.466   10.0
 2060.0   10.514   10.0
 2070.0   10.466   10.0
 2080.0   10.473   10.0
 2090.0   10.506   10.0
 2100.0   10.497   10.0
 2110.0   10.464   10.0
 2120.0   10.447   10.0
 2130.0   10.416   10.0
 2140.0   10.465   10.0
 2150.0   10.454   10.0
 2160.0   10.446   10.0
 2170.0   10.458   10.0
 2180.0   10.457   10.0
 2190.0   10.444   10.0
 2200.0   10.446   10.0
 2210.0   10.448   10.0
 2220.0   10.454   10.0
 2230.0   10.463   10.0
 2240.0   10.447   10.0
 2250.0   10.437   10.0
 2260.0   10.436   10.0
 2270.0   10.406   10.0
 2280.0   10.408   10.0
 2290.0   10.439   10.0
 2300.0   10.435   10.0
 2310.0   10.462   10.0
 2320.0   10.447   10.0
 2330.0   10.439   10.0
 2340.0   10.508   10.0
 2350.0   10.447   10.0
 2360.0   10.423   10.0
 2370.0   10.493   10.0
 2380.0   10.539   10.0
 2390.0   10.436   10.0
 2400.0   10.430   10.0
 2410.0   10.436   10.0
 2420.0   10.431   10.0
 2430.0   10.434   10.0
 2440.0   10.437   10.0
 2450.0   10.429   10.0
 2460.0   10.429   10.0
 2470.0   10.435   10.0
 2480.0   10.446   10.0
 2490.0   10.440   10.0
 2500.0   10.445   10.0
 2510.0   10.442   10.0
 2520.0   10.449   10.0
 2530.0   10.451   10.0
 2540.0   10.467   10.0
 2550.0   10.449   10.0
 2560.0   10.455   10.0
 2570.0   10.467   10.0
 2580.0   10.561   10.0
 2590.0   10.505   10.0
 2600.0   10.569   10.0
 2610.0   10.467   10.0
 2620.0   10.459   10.0
 2630.0   10.459   10.0
 2640.0   10.445   10.0
 2650.0   10.455   10.0
 2660.0   10.461   10.0
 2670.0   10.455   10.0
 2680.0   10.469   10.0
 2690.0   10.464   10.0
 2700.0   10.477   10.0
 2710.0   10.455   10.0
 2720.0   10.481   10.0
 2730.0   10.467   10.0
 2740.0   10.475   10.0
 2750.0   10.480   10.0
 2760.0   10.487   10.0
 2770.0   10.470   10.0
 2780.0   10.471   10.0
 2790.0   10.587   10.0
 2800.0   10.661   10.0
 2810.0   10.493   10.0
 2820.0   10.483   10.0
 2830.0   10.501   10.0
 2840.0   10.497   10.0
 2850.0   10.520   10.0
 2860.0   10.491   10.0
 2870.0   10.481   10.0
 2880.0   10.490   10.0
 2890.0   10.490   10.0
 2900.0   10.500   10.0
 2910.0   10.504   10.0
 2920.0   10.501   10.0
 2930.0   10.513   10.0
 2940.0   10.524   10.0
 2950.0   10.509   10.0
 2960.0   10.511   10.0
 2970.0   10.511   10.0
 2980.0   10.513   10.0
 2990.0   10.515   10.0
 3000.0   10.528   10.0
 3010.0   10.532   10.0
 3020.0   10.536   10.0
 3030.0   10.536   10.0
 3040.0   10.534   10.0
 3050.0   10.537   10.0
 3060.0   10.534   10.0
 3070.0   10.545   10.0
 3080.0   10.553   10.0
 3090.0   10.551   10.0
 3100.0   10.554   10.0
 3110.0   10.553   10.0
 3120.0   10.545   10.0
 3130.0   10.559   10.0
 3140.0   10.569   10.0
 3150.0   10.563   10.0
 3160.0   10.566   10.0
 3170.0   10.578   10.0
 3180.0   10.576   10.0
 3190.0   10.582   10.0
 3200.0   10.592   10.0
 3210.0   10.586   10.0
 3220.0   10.597   10.0
 3230.0   10.603   10.0
 3240.0   10.618   10.0
 3250.0   10.620   10.0
 3260.0   10.602   10.0
 3270.0   10.582   10.0
 3280.0   10.579   10.0
 3290.0   10.586   10.0
 3300.0   10.589   10.0
 3310.0   10.587   10.0
 3320.0   10.596   10.0
 3330.0   10.601   10.0
 3340.0   10.601   10.0
 3350.0   10.610   10.0
 3360.0   10.610   10.0
 3370.0   10.613   10.0
 3380.0   10.620   10.0
 3390.0   10.624   10.0
 3400.0   10.618   10.0
 3410.0   10.618   10.0
 3420.0   10.617   10.0
 3430.0   10.613   10.0
 3440.0   10.624   10.0
 3450.0   10.634   10.0
 3460.0   10.623   10.0
 3470.0   10.631   10.0
 3480.0   10.635   10.0
 3490.0   10.635   10.0
 3500.0   10.646   10.0
 3510.0   10.654   10.0
 3520.0   10.645   10.0
 3530.0   10.663   10.0
 3540.0   10.657   10.0
 3550.0   10.657   10.0
 3560.0   10.649   10.0
 3570.0   10.639   10.0
 3580.0   10.653   10.0
 3590.0   10.661   10.0
 3600.0   10.654   10.0
 3610.0   10.656   10.0
 3620.0   10.659   10.0
 3630.0   10.671   10.0
 3640.0   10.680   10.0
 3650.0   10.676   10.0
 3660.0   10.669   10.0
 3670.0   10.673   10.0
 3680.0   10.668   10.0
 3690.0   10.670   10.0
 3700.0   10.669   10.0
 3710.0   10.642   10.0
 3720.0   10.595   10.0
 3730.0   10.562   10.0
 3740.0   10.522   10.0
 3750.0   10.557   10.0
 3760.0   10.443   10.0
 3770.0   10.539   10.0
 3780.0   10.424   10.0
 3790.0   10.433   10.0
 3800.0   10.552   10.0
 3810.0   10.410   10.0
 3820.0   10.424   10.0
 3830.0   10.473   10.0
 3840.0   10.508   10.0
 3850.0   10.384   10.0
 3860.0   10.386   10.0
 3870.0   10.422   10.0
 3880.0   10.485   10.0
 3890.0   10.514   10.0
 3900.0   10.397   10.0
 3910.0   10.385   10.0
 3920.0   10.415   10.0
 3930.0   10.434   10.0
 3940.0   10.406   10.0
 3950.0   10.404   10.0
 3960.0   10.498   10.0
 3970.0   10.574   10.0
 3980.0   10.462   10.0
 3990.0   10.434   10.0
 4000.0   10.430   10.0
 4010.0   10.440   10.0
 4020.0   10.451   10.0
 4030.0   10.439   10.0
 4040.0   10.421   10.0
 4050.0   10.422   10.0
 4060.0   10.428   10.0
 4070.0   10.438   10.0
 4080.0   10.434   10.0
 4090.0   10.486   10.0
 4100.0   10.587   10.0
 4110.0   10.475   10.0
 4120.0   10.450   10.0
 4130.0   10.449   10.0
 4140.0   10.477   10.0
 4150.0   10.462   10.0
 4160.0   10.457   10.0
 4170.0   10.459   10.0
 4180.0   10.463   10.0
 4190.0   10.467   10.0
 4200.0   10.465   10.0
 4210.0   10.466   10.0
 4220.0   10.470   10.0
 4230.0   10.485   10.0
 4240.0   10.486   10.0
 4250.0   10.494   10.0
 4260.0   10.503   10.0
 4270.0   10.506   10.0
 4280.0   10.509   10.0
 4290.0   10.510   10.0
 4300.0   10.521   10.0
 4310.0   10.520   10.0
 4320.0   10.509   10.0
 4330.0   10.567   10.0
 4340.0   10.685   10.0
 4350.0   10.556   10.0
 4360.0   10.520   10.0
 4370.0   10.522   10.0
 4380.0   10.537   10.0
 4390.0   10.547   10.0
 4400.0   10.524   10.0
 4410.0   10.536   10.0
 4420.0   10.544   10.0
 4430.0   10.548   10.0
 4440.0   10.552   10.0
 4450.0   10.546   10.0
 4460.0   10.557   10.0
 4470.0   10.608   10.0
 4480.0   10.570   10.0
 4490.0   10.557   10.0
 4500.0   10.558   10.0
 4510.0   10.560   10.0
 4520.0   10.551   10.0
 4530.0   10.556   10.0
 4540.0   10.563   10.0
 4550.0   10.575   10.0
 4560.0   10.580   10.0
 4570.0   10.583   10.0
 4580.0   10.577   10.0
 4590.0   10.587   10.0
 4600.0   10.593   10.0
 4610.0   10.596   10.0
 4620.0   10.593   10.0
 4630.0   10.601   10.0
 4640.0   10.614   10.0
 4650.0   10.614   10.0
 4660.0   10.608   10.0
 4670.0   10.613   10.0
 4680.0   10.609   10.0
 4690.0   10.607   10.0
 4700.0   10.616   10.0
 4710.0   10.620   10.0
 4720.0   10.620   10.0
 4730.0   10.618   10.0
 4740.0   10.618   10.0
 4750.0   10.624   10.0
 4760.0   10.623   10.0
 4770.0   10.622   10.0
 4780.0   10.623   10.0
 4790.0   10.624   10.0
 4800.0   10.626   10.0
 4810.0   10.628   10.0
 4820.0   10.631   10.0
 4830.0   10.629   10.0
 4840.0   10.626   10.0
 4850.0   10.651   10.0
 4860.0   10.684   10.0
 4870.0   10.681   10.0
 4880.0   10.645   10.0
 4890.0   10.626   10.0
 4900.0   10.633   10.0
 4910.0   10.649   10.0
 4920.0   10.666   10.0
 4930.0   10.672   10.0
 4940.0   10.670   10.0
 4950.0   10.669   10.0
 4960.0   10.672   10.0
 4970.0   10.676   10.0
 4980.0   10.680   10.0
 4990.0   10.684   10.0
 5000.0   10.692   10.0
 5010.0   10.698   10.0
 5020.0   10.700   10.0
 5030.0   10.700   10.0
 5040.0   10.703   10.0
 5050.0   10.705   10.0
 5060.0   10.705   10.0
 5070.0   10.705   10.0
 5080.0   10.705   10.0
 5090.0   10.707   10.0
 5100.0   10.709   10.0
 5110.0   10.713   10.0
 5120.0   10.716   10.0
 5130.0   10.718   10.0
 5140.0   10.720   10.0
 5150.0   10.722   10.0
 5160.0   10.725   10.0
 5170.0   10.728   10.0
 5180.0   10.731   10.0
 5190.0   10.734   10.0
 5200.0   10.737   10.0
 5210.0   10.739   10.0
 5220.0   10.742   10.0
 5230.0   10.746   10.0
 5240.0   10.749   10.0
 5250.0   10.752   10.0
 5260.0   10.750   10.0
 5270.0   10.750   10.0
 5280.0   10.756   10.0
 5290.0   10.761   10.0
 5300.0   10.765   10.0
 5310.0   10.766   10.0
 5320.0   10.767   10.0
 5330.0   10.769   10.0
 5340.0   10.773   10.0
 5350.0   10.777   10.0
 5360.0   10.780   10.0
 5370.0   10.782   10.0
 5380.0   10.784   10.0
 5390.0   10.786   10.0
 5400.0   10.788   10.0
 5410.0   10.789   10.0
 5420.0   10.792   10.0
 5430.0   10.795   10.0
 5440.0   10.798   10.0
 5450.0   10.800   10.0
 5460.0   10.803   10.0
 5470.0   10.806   10.0
 5480.0   10.808   10.0
 5490.0   10.810   10.0
 5500.0   10.812   10.0
 5510.0   10.815   10.0
 5520.0   10.817   10.0
 5530.0   10.819   10.0
 5540.0   10.823   10.0
 5550.0   10.825   10.0
 5560.0   10.827   10.0
 5570.0   10.827   10.0
 5580.0   10.827   10.0
 5590.0   10.827   10.0
 5600.0   10.831   10.0
 5610.0   10.835   10.0
 5620.0   10.839   10.0
 5630.0   10.844   10.0
 5640.0   10.848   10.0
 5650.0   10.850   10.0
 5660.0   10.852   10.0
 5670.0   10.858   10.0
 5680.0   10.863   10.0
 5690.0   10.864   10.0
 5700.0   10.863   10.0
 5710.0   10.864   10.0
 5720.0   10.867   10.0
 5730.0   10.870   10.0
 5740.0   10.873   10.0
 5750.0   10.875   10.0
 5760.0   10.875   10.0
 5770.0   10.878   10.0
 5780.0   10.881   10.0
 5790.0   10.883   10.0
 5800.0   10.886   10.0
 5810.0   10.889   10.0
 5820.0   10.892   10.0
 5830.0   10.896   10.0
 5840.0   10.900   10.0
 5850.0   10.902   10.0
 5860.0   10.908   10.0
 5870.0   10.922   10.0
 5880.0   10.931   10.0
 5890.0   10.924   10.0
 5900.0   10.917   10.0
 5910.0   10.915   10.0
 5920.0   10.918   10.0
 5930.0   10.923   10.0
 5940.0   10.927   10.0
 5950.0   10.929   10.0
 5960.0   10.928   10.0
 5970.0   10.930   10.0
 5980.0   10.932   10.0
 5990.0   10.934   10.0
 6000.0   10.935   10.0
 6010.0   10.936   10.0
 6020.0   10.939   10.0
 6030.0   10.943   10.0
 6040.0   10.945   10.0
 6050.0   10.947   10.0
 6060.0   10.950   10.0
 6070.0   10.953   10.0
 6080.0   10.956   10.0
 6090.0   10.958   10.0
 6100.0   10.961   10.0
 6110.0   10.963   10.0
 6120.0   10.965   10.0
 6130.0   10.967   10.0
 6140.0   10.969   10.0
 6150.0   10.973   10.0
 6160.0   10.975   10.0
 6170.0   10.977   10.0
 6180.0   10.982   10.0
 6190.0   10.985   10.0
 6200.0   10.987   10.0
 6210.0   10.989   10.0
 6220.0   10.991   10.0
 6230.0   10.994   10.0
 6240.0   10.996   10.0
 6250.0   10.997   10.0
 6260.0   11.000   10.0
 6270.0   11.006   10.0
 6280.0   11.012   10.0
 6290.0   11.011   10.0
 6300.0   11.010   10.0
 6310.0   11.013   10.0
 6320.0   11.017   10.0
 6330.0   11.019   10.0
 6340.0   11.020   10.0
 6350.0   11.023   10.0
 6360.0   11.027   10.0
 6370.0   11.031   10.0
 6380.0   11.034   10.0
 6390.0   11.037   10.0
 6400.0   11.041   10.0
 6410.0   11.043   10.0
 6420.0   11.044   10.0
 6430.0   11.046   10.0
 6440.0   11.048   10.0
 6450.0   11.051   10.0
 6460.0   11.056   10.0
 6470.0   11.059   10.0
 6480.0   11.062   10.0
 6490.0   11.062   10.0
 6500.0   11.066   10.0
 6510.0   11.075   10.0
 6520.0   11.079   10.0
 6530.0   11.076   10.0
 6540.0   11.070   10.0
 6550.0   11.075   10.0
 6560.0   11.091   10.0
 6570.0   11.091   10.0
 6580.0   11.080   10.0
 6590.0   11.082   10.0
 6600.0   11.090   10.0
 6610.0   11.093   10.0
 6620.0   11.091   10.0
 6630.0   11.092   10.0
 6640.0   11.094   10.0
 6650.0   11.096   10.0
 6660.0   11.101   10.0
 6670.0   11.114   10.0
 6680.0   11.125   10.0
 6690.0   11.119   10.0
 6700.0   11.109   10.0
 6710.0   11.104   10.0
 6720.0   11.106   10.0
 6730.0   11.110   10.0
 6740.0   11.113   10.0
 6750.0   11.116   10.0
 6760.0   11.119   10.0
 6770.0   11.122   10.0
 6780.0   11.125   10.0
 6790.0   11.127   10.0
 6800.0   11.128   10.0
 6810.0   11.130   10.0
 6820.0   11.133   10.0
 6830.0   11.137   10.0
 6840.0   11.138   10.0
 6850.0   11.140   10.0
 6860.0   11.143   10.0
 6870.0   11.146   10.0
 6880.0   11.148   10.0
 6890.0   11.151   10.0
 6900.0   11.153   10.0
 6910.0   11.155   10.0
 6920.0   11.157   10.0
 6930.0   11.159   10.0
 6940.0   11.160   10.0
 6950.0   11.162   10.0
 6960.0   11.164   10.0
 6970.0   11.164   10.0
 6980.0   11.171   10.0
 6990.0   11.177   10.0
 7000.0   11.177   10.0
 7010.0   11.177   10.0
 7020.0   11.177   10.0
 7030.0   11.177   10.0
 7040.0   11.179   10.0
 7050.0   11.187   10.0
 7060.0   11.196   10.0
 7070.0   11.199   10.0
 7080.0   11.197   10.0
 7090.0   11.194   10.0
 7100.0   11.194   10.0
 7110.0   11.197   10.0
 7120.0   11.201   10.0
 7130.0   11.206   10.0
 7140.0   11.206   10.0
 7150.0   11.207   10.0
 7160.0   11.214   10.0
 7170.0   11.223   10.0
 7180.0   11.226   10.0
 7190.0   11.222   10.0
 7200.0   11.212   10.0
 7210.0   11.205   10.0
 7220.0   11.212   10.0
 7230.0   11.228   10.0
 7240.0   11.234   10.0
 7250.0   11.230   10.0
 7260.0   11.229   10.0
 7270.0   11.234   10.0
 7280.0   11.241   10.0
 7290.0   11.245   10.0
 7300.0   11.247   10.0
 7310.0   11.242   10.0
 7320.0   11.235   10.0
 7330.0   11.235   10.0
 7340.0   11.243   10.0
 7350.0   11.252   10.0
 7360.0   11.256   10.0
 7370.0   11.255   10.0
 7380.0   11.255   10.0
 7390.0   11.258   10.0
 7400.0   11.260   10.0
 7410.0   11.262   10.0
 7420.0   11.267   10.0
 7430.0   11.270   10.0
 7440.0   11.268   10.0
 7450.0   11.269   10.0
 7460.0   11.272   10.0
 7470.0   11.276   10.0
 7480.0   11.279   10.0
 7490.0   11.281   10.0
 7500.0   11.283   10.0
 7510.0   11.284   10.0
 7520.0   11.287   10.0
 7530.0   11.291   10.0
 7540.0   11.294   10.0
 7550.0   11.296   10.0
 7560.0   11.299   10.0
 7570.0   11.301   10.0
 7580.0   11.303   10.0
 7590.0   11.306   10.0
 7600.0   11.308   10.0
 7610.0   11.310   10.0
 7620.0   11.312   10.0
 7630.0   11.313   10.0
 7640.0   11.315   10.0
 7650.0   11.317   10.0
 7660.0   11.318   10.0
 7670.0   11.320   10.0
 7680.0   11.321   10.0
 7690.0   11.322   10.0
 7700.0   11.324   10.0
 7710.0   11.326   10.0
 7720.0   11.327   10.0
 7730.0   11.331   10.0
 7740.0   11.335   10.0
 7750.0   11.336   10.0
 7760.0   11.341   10.0
 7770.0   11.349   10.0
 7780.0   11.351   10.0
 7790.0   11.349   10.0
 7800.0   11.351   10.0
 7810.0   11.351   10.0
 7820.0   11.352   10.0
 7830.0   11.353   10.0
 7840.0   11.354   10.0
 7850.0   11.354   10.0
 7860.0   11.357   10.0
 7870.0   11.360   10.0
 7880.0   11.363   10.0
 7890.0   11.363   10.0
 7900.0   11.366   10.0
 7910.0   11.368   10.0
 7920.0   11.370   10.0
 7930.0   11.369   10.0
 7940.0   11.371   10.0
 7950.0   11.377   10.0
 7960.0   11.381   10.0
 7970.0   11.382   10.0
 7980.0   11.381   10.0
 7990.0   11.383   10.0
 8000.0   11.383   10.0
 8010.0   11.384   10.0
 8020.0   11.386   10.0
 8030.0   11.389   10.0
 8040.0   11.390   10.0
 8050.0   11.391   10.0
 8060.0   11.396   10.0
 8070.0   11.399   10.0
 8080.0   11.403   10.0
 8090.0   11.405   10.0
 8100.0   11.406   10.0
 8110.0   11.408   10.0
 8120.0   11.414   10.0
 8130.0   11.425   10.0
 8140.0   11.427   10.0
 8150.0   11.423   10.0
 8160.0   11.420   10.0
 8170.0   11.415   10.0
 8180.0   11.412   10.0
 8190.0   11.411   10.0
 8200.0   11.414   10.0
 8210.0   11.422   10.0
 8220.0   11.441   10.0
 8230.0   11.440   10.0
 8240.0   11.418   10.0
 8250.0   11.428   10.0
 8260.0   11.447   10.0
 8270.0   11.453   10.0
 8280.0   11.452   10.0
 8290.0   11.448   10.0
 8300.0   11.451   10.0
 8310.0   11.455   10.0
 8320.0   11.457   10.0
 8330.0   11.460   10.0
 8340.0   11.466   10.0
 8350.0   11.471   10.0
 8360.0   11.475   10.0
 8370.0   11.477   10.0
 8380.0   11.478   10.0
 8390.0   11.480   10.0
 8400.0   11.483   10.0
 8410.0   11.486   10.0
 8420.0   11.487   10.0
 8430.0   11.490   10.0
 8440.0   11.497   10.0
 8450.0   11.495   10.0
 8460.0   11.504   10.0
 8470.0   11.509   10.0
 8480.0   11.505   10.0
 8490.0   11.512   10.0
 8500.0   11.524   10.0
 8510.0   11.514   10.0
 8520.0   11.498   10.0
 8530.0   11.505   10.0
 8540.0   11.527   10.0
 8550.0   11.529   10.0
 8560.0   11.510   10.0
 8570.0   11.502   10.0
 8580.0   11.522   10.0
 8590.0   11.552   10.0
 8600.0   11.554   10.0
 8610.0   11.520   10.0
 8620.0   11.489   10.0
 8630.0   11.485   10.0
 8640.0   11.500   10.0
 8650.0   11.532   10.0
 8660.0   11.563   10.0
 8670.0   11.564   10.0
 8680.0   11.538   10.0
 8690.0   11.519   10.0
 8700.0   11.512   10.0
 8710.0   11.499   10.0
 8720.0   11.488   10.0
 8730.0   11.527   10.0
 8740.0   11.580   10.0
 8750.0   11.601   10.0
 8760.0   11.572   10.0
 8770.0   11.542   10.0
 8780.0   11.523   10.0
 8790.0   11.503   10.0
 8800.0   11.491   10.0
 8810.0   11.495   10.0
 8820.0   11.506   10.0
 8830.0   11.525   10.0
 8840.0   11.553   10.0
 8850.0   11.596   10.0
 8860.0   11.623   10.0
 8870.0   11.596   10.0
 8880.0   11.556   10.0
 8890.0   11.531   10.0
 8900.0   11.519   10.0
 8910.0   11.515   10.0
 8920.0   11.516   10.0
 8930.0   11.518   10.0
 8940.0   11.521   10.0
 8950.0   11.524   10.0
 8960.0   11.526   10.0
 8970.0   11.520   10.0
 8980.0   11.531   10.0
 8990.0   11.563   10.0
 9000.0   11.601   10.0
 9010.0   11.629   10.0
 9020.0   11.605   10.0
 9030.0   11.563   10.0
 9040.0   11.556   10.0
 9050.0   11.566   10.0
 9060.0   11.566   10.0
 9070.0   11.550   10.0
 9080.0   11.540   10.0
 9090.0   11.537   10.0
 9100.0   11.539   10.0
 9110.0   11.541   10.0
 9120.0   11.550   10.0
 9130.0   11.553   10.0
 9140.0   11.544   10.0
 9150.0   11.552   10.0
 9160.0   11.552   10.0
 9170.0   11.555   10.0
 9180.0   11.555   10.0
 9190.0   11.569   10.0
