 3400.0   12.553   10.0
 3410.0   12.593   10.0
 3420.0   12.547   10.0
 3430.0   12.575   10.0
 3440.0   12.572   10.0
 3450.0   12.601   10.0
 3460.0   12.576   10.0
 3470.0   12.585   10.0
 3480.0   12.611   10.0
 3490.0   12.629   10.0
 3500.0   12.564   10.0
 3510.0   12.634   10.0
 3520.0   12.589   10.0
 3530.0   12.622   10.0
 3540.0   12.625   10.0
 3550.0   12.613   10.0
 3560.0   12.622   10.0
 3570.0   12.626   10.0
 3580.0   12.651   10.0
 3590.0   12.678   10.0
 3600.0   12.657   10.0
 3610.0   12.656   10.0
 3620.0   12.656   10.0
 3630.0   12.702   10.0
 3640.0   12.727   10.0
 3650.0   12.680   10.0
 3660.0   12.657   10.0
 3670.0   12.657   10.0
 3680.0   12.671   10.0
 3690.0   12.700   10.0
 3700.0   12.745   10.0
 3710.0   12.773   10.0
 3720.0   12.715   10.0
 3730.0   12.683   10.0
 3740.0   12.710   10.0
 3750.0   12.725   10.0
 3760.0   12.725   10.0
 3770.0   12.721   10.0
 3780.0   12.711   10.0
 3790.0   12.707   10.0
 3800.0   12.764   10.0
 3810.0   12.757   10.0
 3820.0   12.860   10.0
 3830.0   12.831   10.0
 3840.0   12.794   10.0
 3850.0   12.759   10.0
 3860.0   12.729   10.0
 3870.0   12.777   10.0
 3880.0   12.820   10.0
 3890.0   12.896   10.0
 3900.0   12.813   10.0
 3910.0   12.754   10.0
 3920.0   12.751   10.0
 3930.0   12.754   10.0
 3940.0   12.749   10.0
 3950.0   12.786   10.0
 3960.0   12.878   10.0
 3970.0   12.999   10.0
 3980.0   12.861   10.0
 3990.0   12.792   10.0
 4000.0   12.779   10.0
 4010.0   12.808   10.0
 4020.0   12.870   10.0
 4030.0   12.928   10.0
 4040.0   12.800   10.0
 4050.0   12.763   10.0
 4060.0   12.771   10.0
 4070.0   12.801   10.0
 4080.0   12.805   10.0
 4090.0   12.881   10.0
 4100.0   13.039   10.0
 4110.0   12.979   10.0
 4120.0   12.890   10.0
 4130.0   12.851   10.0
 4140.0   12.867   10.0
 4150.0   12.852   10.0
 4160.0   12.807   10.0
 4170.0   12.808   10.0
 4180.0   12.808   10.0
 4190.0   12.825   10.0
 4200.0   12.834   10.0
 4210.0   12.829   10.0
 4220.0   12.830   10.0
 4230.0   12.827   10.0
 4240.0   12.844   10.0
 4250.0   12.838   10.0
 4260.0   12.855   10.0
 4270.0   12.837   10.0
 4280.0   12.828   10.0
 4290.0   12.846   10.0
 4300.0   12.865   10.0
 4310.0   12.883   10.0
 4320.0   12.920   10.0
 4330.0   12.999   10.0
 4340.0   13.164   10.0
 4350.0   13.058   10.0
 4360.0   12.945   10.0
 4370.0   12.934   10.0
 4380.0   12.955   10.0
 4390.0   13.019   10.0
 4400.0   12.925   10.0
 4410.0   12.898   10.0
 4420.0   12.905   10.0
 4430.0   12.917   10.0
 4440.0   12.924   10.0
 4450.0   12.924   10.0
 4460.0   12.973   10.0
 4470.0   13.113   10.0
 4480.0   13.038   10.0
 4490.0   12.946   10.0
 4500.0   12.948   10.0
 4510.0   12.954   10.0
 4520.0   12.965   10.0
 4530.0   12.970   10.0
 4540.0   12.988   10.0
 4550.0   12.978   10.0
 4560.0   12.975   10.0
 4570.0   12.968   10.0
 4580.0   12.965   10.0
 4590.0   12.971   10.0
 4600.0   12.979   10.0
 4610.0   12.984   10.0
 4620.0   12.994   10.0
 4630.0   13.000   10.0
 4640.0   13.005   10.0
 4650.0   13.027   10.0
 4660.0   13.005   10.0
 4670.0   13.013   10.0
 4680.0   13.063   10.0
 4690.0   13.090   10.0
 4700.0   13.030   10.0
 4710.0   13.049   10.0
 4720.0   13.044   10.0
 4730.0   13.027   10.0
 4740.0   13.032   10.0
 4750.0   13.042   10.0
 4760.0   13.053   10.0
 4770.0   13.060   10.0
 4780.0   13.065   10.0
 4790.0   13.069   10.0
 4800.0   13.071   10.0
 4810.0   13.073   10.0
 4820.0   13.085   10.0
 4830.0   13.099   10.0
 4840.0   13.116   10.0
 4850.0   13.178   10.0
 4860.0   13.357   10.0
 4870.0   13.292   10.0
 4880.0   13.162   10.0
 4890.0   13.123   10.0
 4900.0   13.113   10.0
 4910.0   13.122   10.0
 4920.0   13.223   10.0
 4930.0   13.181   10.0
 4940.0   13.116   10.0
 4950.0   13.105   10.0
 4960.0   13.115   10.0
 4970.0   13.121   10.0
 4980.0   13.125   10.0
 4990.0   13.139   10.0
 5000.0   13.159   10.0
 5010.0   13.181   10.0
 5020.0   13.194   10.0
 5030.0   13.172   10.0
 5040.0   13.170   10.0
 5050.0   13.191   10.0
 5060.0   13.171   10.0
 5070.0   13.170   10.0
 5080.0   13.174   10.0
 5090.0   13.180   10.0
 5100.0   13.190   10.0
 5110.0   13.201   10.0
 5120.0   13.204   10.0
 5130.0   13.213   10.0
 5140.0   13.218   10.0
 5150.0   13.224   10.0
 5160.0   13.222   10.0
 5170.0   13.229   10.0
 5180.0   13.225   10.0
 5190.0   13.215   10.0
 5200.0   13.228   10.0
 5210.0   13.240   10.0
 5220.0   13.218   10.0
 5230.0   13.218   10.0
 5240.0   13.223   10.0
 5250.0   13.216   10.0
 5260.0   13.224   10.0
 5270.0   13.242   10.0
 5280.0   13.243   10.0
 5290.0   13.238   10.0
 5300.0   13.225   10.0
 5310.0   13.250   10.0
 5320.0   13.242   10.0
 5330.0   13.235   10.0
 5340.0   13.241   10.0
 5350.0   13.264   10.0
 5360.0   13.256   10.0
 5370.0   13.248   10.0
 5380.0   13.258   10.0
 5390.0   13.241   10.0
 5400.0   13.260   10.0
 5410.0   13.302   10.0
 5420.0   13.272   10.0
 5430.0   13.266   10.0
 5440.0   13.257   10.0
 5450.0   13.265   10.0
 5460.0   13.283   10.0
 5470.0   13.297   10.0
 5480.0   13.280   10.0
 5490.0   13.275   10.0
 5500.0   13.298   10.0
 5510.0   13.319   10.0
 5520.0   13.293   10.0
 5530.0   13.310   10.0
 5540.0   13.286   10.0
 5550.0   13.306   10.0
 5560.0   13.314   10.0
 5570.0   13.306   10.0
 5580.0   13.253   10.0
 5590.0   13.289   10.0
 5600.0   13.307   10.0
 5610.0   13.310   10.0
 5620.0   13.310   10.0
 5630.0   13.322   10.0
 5640.0   13.345   10.0
 5650.0   13.325   10.0
 5660.0   13.315   10.0
 5670.0   13.336   10.0
 5680.0   13.313   10.0
 5690.0   13.316   10.0
 5700.0   13.338   10.0
 5710.0   13.324   10.0
 5720.0   13.335   10.0
 5730.0   13.324   10.0
 5740.0   13.345   10.0
 5750.0   13.335   10.0
 5760.0   13.347   10.0
 5770.0   13.362   10.0
 5780.0   13.355   10.0
 5790.0   13.349   10.0
 5800.0   13.344   10.0
 5810.0   13.343   10.0
 5820.0   13.360   10.0
 5830.0   13.370   10.0
 5840.0   13.373   10.0
 5850.0   13.369   10.0
 5860.0   13.381   10.0
 5870.0   13.451   10.0
 5880.0   13.499   10.0
 5890.0   13.460   10.0
 5900.0   13.460   10.0
 5910.0   13.398   10.0
 5920.0   13.424   10.0
 5930.0   13.432   10.0
 5940.0   13.400   10.0
 5950.0   13.419   10.0
 5960.0   13.431   10.0
 5970.0   13.444   10.0
 5980.0   13.432   10.0
 5990.0   13.439   10.0
 6000.0   13.437   10.0
 6010.0   13.433   10.0
 6020.0   13.428   10.0
 6030.0   13.462   10.0
 6040.0   13.441   10.0
 6050.0   13.430   10.0
 6060.0   13.457   10.0
 6070.0   13.461   10.0
 6080.0   13.439   10.0
 6090.0   13.422   10.0
 6100.0   13.443   10.0
 6110.0   13.472   10.0
 6120.0   13.517   10.0
 6130.0   13.494   10.0
 6140.0   13.487   10.0
 6150.0   13.500   10.0
 6160.0   13.518   10.0
 6170.0   13.532   10.0
 6180.0   13.515   10.0
 6190.0   13.554   10.0
 6200.0   13.550   10.0
 6210.0   13.517   10.0
 6220.0   13.544   10.0
 6230.0   13.564   10.0
 6240.0   13.565   10.0
 6250.0   13.566   10.0
 6260.0   13.555   10.0
 6270.0   13.561   10.0
 6280.0   13.595   10.0
 6290.0   13.590   10.0
 6300.0   13.548   10.0
 6310.0   13.549   10.0
 6320.0   13.556   10.0
 6330.0   13.552   10.0
 6340.0   13.505   10.0
 6350.0   13.514   10.0
 6360.0   13.525   10.0
 6370.0   13.555   10.0
 6380.0   13.557   10.0
 6390.0   13.565   10.0
 6400.0   13.542   10.0
 6410.0   13.557   10.0
 6420.0   13.578   10.0
 6430.0   13.528   10.0
 6440.0   13.503   10.0
 6450.0   13.538   10.0
 6460.0   13.530   10.0
 6470.0   13.549   10.0
 6480.0   13.526   10.0
 6490.0   13.538   10.0
 6500.0   13.532   10.0
 6510.0   13.555   10.0
 6520.0   13.526   10.0
 6530.0   13.560   10.0
 6540.0   13.566   10.0
 6550.0   13.598   10.0
 6560.0   13.692   10.0
 6570.0   13.670   10.0
 6580.0   13.612   10.0
 6590.0   13.556   10.0
 6600.0   13.528   10.0
 6610.0   13.527   10.0
 6620.0   13.539   10.0
 6630.0   13.567   10.0
 6640.0   13.569   10.0
 6650.0   13.573   10.0
 6660.0   13.569   10.0
 6670.0   13.582   10.0
 6680.0   13.656   10.0
 6690.0   13.623   10.0
 6700.0   13.555   10.0
 6710.0   13.561   10.0
 6720.0   13.605   10.0
 6730.0   13.556   10.0
 6740.0   13.586   10.0
 6750.0   13.617   10.0
 6760.0   13.608   10.0
 6770.0   13.578   10.0
 6780.0   13.604   10.0
 6790.0   13.635   10.0
 6800.0   13.589   10.0
 6810.0   13.600   10.0
 6820.0   13.601   10.0
 6830.0   13.578   10.0
 6840.0   13.583   10.0
 6850.0   13.592   10.0
 6860.0   13.603   10.0
 6870.0   13.807   10.0
 6880.0   13.752   10.0
 6890.0   13.742   10.0
 6900.0   13.709   10.0
 6910.0   13.664   10.0
 6920.0   13.616   10.0
 6930.0   13.613   10.0
 6940.0   13.608   10.0
 6950.0   13.575   10.0
 6960.0   13.543   10.0
 6970.0   13.541   10.0
 6980.0   13.538   10.0
 6990.0   13.579   10.0
 7000.0   13.556   10.0
 7010.0   13.533   10.0
 7020.0   13.531   10.0
 7030.0   13.525   10.0
 7040.0   13.475   10.0
 7050.0   13.486   10.0
 7060.0   13.563   10.0
 7070.0   13.561   10.0
 7080.0   13.536   10.0
 7090.0   13.565   10.0
 7100.0   13.606   10.0
 7110.0   13.615   10.0
 7120.0   13.583   10.0
 7130.0   13.636   10.0
 7140.0   13.658   10.0
 7150.0   13.623   10.0
 7160.0   13.614   10.0
 7170.0   13.633   10.0
 7180.0   13.698   10.0
 7190.0   13.697   10.0
 7200.0   13.653   10.0
 7210.0   13.659   10.0
 7220.0   13.650   10.0
 7230.0   13.659   10.0
 7240.0   13.615   10.0
 7250.0   13.559   10.0
 7260.0   13.547   10.0
 7270.0   13.539   10.0
 7280.0   13.613   10.0
 7290.0   13.567   10.0
 7300.0   13.544   10.0
 7310.0   13.528   10.0
 7320.0   13.517   10.0
 7330.0   13.478   10.0
 7340.0   13.519   10.0
 7350.0   13.485   10.0
 7360.0   13.441   10.0
 7370.0   13.386   10.0
 7380.0   13.412   10.0
 7390.0   13.499   10.0
 7400.0   13.408   10.0
 7410.0   13.476   10.0
 7420.0   13.441   10.0
 7430.0   13.448   10.0
 7440.0   13.429   10.0
 7450.0   13.422   10.0
 7460.0   13.445   10.0
 7470.0   13.423   10.0
 7480.0   13.459   10.0
 7490.0   13.446   10.0
 7500.0   13.469   10.0
 7510.0   13.455   10.0
 7520.0   13.435   10.0
 7530.0   13.384   10.0
 7540.0   13.372   10.0
 7550.0   13.396   10.0
 7560.0   13.451   10.0
 7570.0   13.456   10.0
 7580.0   13.437   10.0
 7590.0   13.561   10.0
 7600.0   14.345   10.0
 7610.0   14.405   10.0
 7620.0   13.907   10.0
 7630.0   14.115   10.0
 7640.0   13.928   10.0
 7650.0   13.769   10.0
 7660.0   13.678   10.0
 7670.0   13.597   10.0
 7680.0   13.586   10.0
 7690.0   13.497   10.0
 7700.0   13.556   10.0
 7710.0   13.572   10.0
 7720.0   13.406   10.0
 7730.0   13.425   10.0
 7740.0   13.435   10.0
 7750.0   13.442   10.0
 7760.0   13.440   10.0
 7770.0   13.461   10.0
 7780.0   13.444   10.0
 7790.0   13.416   10.0
 7800.0   13.473   10.0
 7810.0   13.449   10.0
 7820.0   13.339   10.0
 7830.0   13.440   10.0
 7840.0   13.461   10.0
 7850.0   13.451   10.0
 7860.0   13.364   10.0
 7870.0   13.371   10.0
 7880.0   13.482   10.0
 7890.0   13.415   10.0
 7900.0   13.357   10.0
 7910.0   13.421   10.0
 7920.0   13.500   10.0
 7930.0   13.503   10.0
 7940.0   13.371   10.0
 7950.0   13.470   10.0
 7960.0   13.392   10.0
 7970.0   13.385   10.0
 7980.0   13.391   10.0
 7990.0   13.394   10.0
 8000.0   13.309   10.0
 8010.0   13.318   10.0
 8020.0   13.363   10.0
 8030.0   13.436   10.0
 8040.0   13.388   10.0
 8050.0   13.321   10.0
 8060.0   13.336   10.0
 8070.0   13.328   10.0
 8080.0   13.304   10.0
 8090.0   13.273   10.0
 8100.0   13.413   10.0
 8110.0   13.360   10.0
 8120.0   13.334   10.0
 8130.0   13.398   10.0
 8140.0   13.403   10.0
 8150.0   13.501   10.0
 8160.0   13.594   10.0
 8170.0   13.486   10.0
 8180.0   13.509   10.0
 8190.0   13.619   10.0
 8200.0   13.490   10.0
 8210.0   13.436   10.0
 8220.0   13.643   10.0
 8230.0   13.744   10.0
 8240.0   13.642   10.0
 8250.0   13.637   10.0
 8260.0   13.430   10.0
 8270.0   13.409   10.0
 8280.0   13.246   10.0
 8290.0   13.100   10.0
