 3400.0   14.932   10.0
 3410.0   14.643   10.0
 3420.0   14.585   10.0
 3430.0   14.627   10.0
 3440.0   14.631   10.0
 3450.0   14.744   10.0
 3460.0   14.765   10.0
 3470.0   14.609   10.0
 3480.0   14.526   10.0
 3490.0   14.478   10.0
 3500.0   14.384   10.0
 3510.0   14.642   10.0
 3520.0   14.472   10.0
 3530.0   14.571   10.0
 3540.0   14.423   10.0
 3550.0   14.367   10.0
 3560.0   14.469   10.0
 3570.0   14.333   10.0
 3580.0   14.235   10.0
 3590.0   14.313   10.0
 3600.0   14.325   10.0
 3610.0   14.352   10.0
 3620.0   14.295   10.0
 3630.0   14.182   10.0
 3640.0   14.241   10.0
 3650.0   14.220   10.0
 3660.0   14.172   10.0
 3670.0   14.101   10.0
 3680.0   14.161   10.0
 3690.0   14.038   10.0
 3700.0   14.003   10.0
 3710.0   14.152   10.0
 3720.0   14.107   10.0
 3730.0   13.986   10.0
 3740.0   13.858   10.0
 3750.0   13.932   10.0
 3760.0   13.918   10.0
 3770.0   13.978   10.0
 3780.0   13.893   10.0
 3790.0   13.949   10.0
 3800.0   13.827   10.0
 3810.0   13.710   10.0
 3820.0   13.785   10.0
 3830.0   13.759   10.0
 3840.0   13.705   10.0
 3850.0   13.711   10.0
 3860.0   13.723   10.0
 3870.0   13.612   10.0
 3880.0   13.682   10.0
 3890.0   13.668   10.0
 3900.0   13.568   10.0
 3910.0   13.610   10.0
 3920.0   13.591   10.0
 3930.0   13.611   10.0
 3940.0   13.571   10.0
 3950.0   13.502   10.0
 3960.0   13.539   10.0
 3970.0   13.616   10.0
 3980.0   13.514   10.0
 3990.0   13.468   10.0
 4000.0   13.471   10.0
 4010.0   13.432   10.0
 4020.0   13.397   10.0
 4030.0   13.382   10.0
 4040.0   13.345   10.0
 4050.0   13.317   10.0
 4060.0   13.326   10.0
 4070.0   13.276   10.0
 4080.0   13.277   10.0
 4090.0   13.232   10.0
 4100.0   13.323   10.0
 4110.0   13.232   10.0
 4120.0   13.178   10.0
 4130.0   13.175   10.0
 4140.0   13.150   10.0
 4150.0   13.068   10.0
 4160.0   13.126   10.0
 4170.0   13.086   10.0
 4180.0   13.112   10.0
 4190.0   13.088   10.0
 4200.0   13.092   10.0
 4210.0   13.047   10.0
 4220.0   13.016   10.0
 4230.0   13.013   10.0
 4240.0   13.013   10.0
 4250.0   12.987   10.0
 4260.0   12.960   10.0
 4270.0   12.943   10.0
 4280.0   12.945   10.0
 4290.0   12.914   10.0
 4300.0   12.898   10.0
 4310.0   12.881   10.0
 4320.0   12.861   10.0
 4330.0   12.877   10.0
 4340.0   12.881   10.0
 4350.0   12.819   10.0
 4360.0   12.777   10.0
 4370.0   12.750   10.0
 4380.0   12.738   10.0
 4390.0   12.742   10.0
 4400.0   12.720   10.0
 4410.0   12.709   10.0
 4420.0   12.777   10.0
 4430.0   12.769   10.0
 4440.0   12.702   10.0
 4450.0   12.644   10.0
 4460.0   12.580   10.0
 4470.0   12.564   10.0
 4480.0   12.556   10.0
 4490.0   12.509   10.0
 4500.0   12.531   10.0
 4510.0   12.479   10.0
 4520.0   12.454   10.0
 4530.0   12.441   10.0
 4540.0   12.447   10.0
 4550.0   12.383   10.0
 4560.0   12.380   10.0
 4570.0   12.380   10.0
 4580.0   12.380   10.0
 4590.0   12.354   10.0
 4600.0   12.332   10.0
 4610.0   12.318   10.0
 4620.0   12.264   10.0
 4630.0   12.195   10.0
 4640.0   12.123   10.0
 4650.0   12.137   10.0
 4660.0   12.166   10.0
 4670.0   12.150   10.0
 4680.0   12.087   10.0
 4690.0   12.048   10.0
 4700.0   12.095   10.0
 4710.0   12.121   10.0
 4720.0   12.142   10.0
 4730.0   12.151   10.0
 4740.0   12.123   10.0
 4750.0   12.132   10.0
 4760.0   12.153   10.0
 4770.0   12.118   10.0
 4780.0   12.101   10.0
 4790.0   12.062   10.0
 4800.0   12.034   10.0
 4810.0   12.029   10.0
 4820.0   12.012   10.0
 4830.0   11.989   10.0
 4840.0   11.971   10.0
 4850.0   11.999   10.0
 4860.0   12.034   10.0
 4870.0   11.961   10.0
 4880.0   11.967   10.0
 4890.0   11.957   10.0
 4900.0   11.911   10.0
 4910.0   11.865   10.0
 4920.0   11.843   10.0
 4930.0   11.840   10.0
 4940.0   11.817   10.0
 4950.0   11.798   10.0
 4960.0   11.784   10.0
 4970.0   11.755   10.0
 4980.0   11.754   10.0
 4990.0   11.727   10.0
 5000.0   11.697   10.0
 5010.0   11.681   10.0
 5020.0   11.665   10.0
 5030.0   11.668   10.0
 5040.0   11.635   10.0
 5050.0   11.622   10.0
 5060.0   11.594   10.0
 5070.0   11.572   10.0
 5080.0   11.559   10.0
 5090.0   11.512   10.0
 5100.0   11.503   10.0
 5110.0   11.497   10.0
 5120.0   11.457   10.0
 5130.0   11.434   10.0
 5140.0   11.403   10.0
 5150.0   11.409   10.0
 5160.0   11.383   10.0
 5170.0   11.366   10.0
 5180.0   11.327   10.0
 5190.0   11.318   10.0
 5200.0   11.325   10.0
 5210.0   11.302   10.0
 5220.0   11.284   10.0
 5230.0   11.250   10.0
 5240.0   11.232   10.0
 5250.0   11.199   10.0
 5260.0   11.183   10.0
 5270.0   11.153   10.0
 5280.0   11.144   10.0
 5290.0   11.134   10.0
 5300.0   11.101   10.0
 5310.0   11.074   10.0
 5320.0   11.058   10.0
 5330.0   11.041   10.0
 5340.0   11.022   10.0
 5350.0   11.014   10.0
 5360.0   11.031   10.0
 5370.0   11.039   10.0
 5380.0   11.015   10.0
 5390.0   11.005   10.0
 5400.0   10.998   10.0
 5410.0   11.036   10.0
 5420.0   10.975   10.0
 5430.0   10.940   10.0
 5440.0   10.935   10.0
 5450.0   10.924   10.0
 5460.0   10.897   10.0
 5470.0   10.866   10.0
 5480.0   10.852   10.0
 5490.0   10.836   10.0
 5500.0   10.794   10.0
 5510.0   10.791   10.0
 5520.0   10.761   10.0
 5530.0   10.750   10.0
 5540.0   10.738   10.0
 5550.0   10.723   10.0
 5560.0   10.697   10.0
 5570.0   10.655   10.0
 5580.0   10.630   10.0
 5590.0   10.659   10.0
 5600.0   10.645   10.0
 5610.0   10.626   10.0
 5620.0   10.591   10.0
 5630.0   10.589   10.0
 5640.0   10.576   10.0
 5650.0   10.567   10.0
 5660.0   10.553   10.0
 5670.0   10.547   10.0
 5680.0   10.525   10.0
 5690.0   10.504   10.0
 5700.0   10.502   10.0
 5710.0   10.509   10.0
 5720.0   10.483   10.0
 5730.0   10.466   10.0
 5740.0   10.464   10.0
 5750.0   10.451   10.0
 5760.0   10.429   10.0
 5770.0   10.468   10.0
 5780.0   10.522   10.0
 5790.0   10.456   10.0
 5800.0   10.434   10.0
 5810.0   10.385   10.0
 5820.0   10.364   10.0
 5830.0   10.329   10.0
 5840.0   10.339   10.0
 5850.0   10.343   10.0
 5860.0   10.316   10.0
 5870.0   10.330   10.0
 5880.0   10.332   10.0
 5890.0   10.413   10.0
 5900.0   10.331   10.0
 5910.0   10.270   10.0
 5920.0   10.258   10.0
 5930.0   10.270   10.0
 5940.0   10.275   10.0
 5950.0   10.247   10.0
 5960.0   10.240   10.0
 5970.0   10.257   10.0
 5980.0   10.241   10.0
 5990.0   10.223   10.0
 6000.0   10.215   10.0
 6010.0   10.205   10.0
 6020.0   10.188   10.0
 6030.0   10.173   10.0
 6040.0   10.162   10.0
 6050.0   10.142   10.0
 6060.0   10.145   10.0
 6070.0   10.135   10.0
 6080.0   10.095   10.0
 6090.0   10.105   10.0
 6100.0   10.101   10.0
 6110.0   10.077   10.0
 6120.0   10.080   10.0
 6130.0   10.074   10.0
 6140.0   10.077   10.0
 6150.0   10.070   10.0
 6160.0   10.093   10.0
 6170.0   10.118   10.0
 6180.0   10.112   10.0
 6190.0   10.096   10.0
 6200.0   10.103   10.0
 6210.0   10.050   10.0
 6220.0   10.020   10.0
 6230.0   10.029   10.0
 6240.0   10.013   10.0
 6250.0   10.005   10.0
 6260.0   10.000   10.0
 6270.0   10.031   10.0
 6280.0   10.162   10.0
 6290.0   10.086   10.0
 6300.0    9.992   10.0
 6310.0    9.999   10.0
 6320.0    9.988   10.0
 6330.0    9.949   10.0
 6340.0    9.947   10.0
 6350.0    9.940   10.0
 6360.0    9.929   10.0
 6370.0    9.920   10.0
 6380.0    9.927   10.0
 6390.0    9.889   10.0
 6400.0    9.869   10.0
 6410.0    9.864   10.0
 6420.0    9.837   10.0
 6430.0    9.838   10.0
 6440.0    9.844   10.0
 6450.0    9.856   10.0
 6460.0    9.836   10.0
 6470.0    9.829   10.0
 6480.0    9.822   10.0
 6490.0    9.817   10.0
 6500.0    9.794   10.0
 6510.0    9.768   10.0
 6520.0    9.788   10.0
 6530.0    9.786   10.0
 6540.0    9.719   10.0
 6550.0    9.630   10.0
 6560.0    9.535   10.0
 6570.0    9.509   10.0
 6580.0    9.570   10.0
 6590.0    9.640   10.0
 6600.0    9.658   10.0
 6610.0    9.689   10.0
 6620.0    9.659   10.0
 6630.0    9.641   10.0
 6640.0    9.616   10.0
 6650.0    9.620   10.0
 6660.0    9.600   10.0
 6670.0    9.593   10.0
 6680.0    9.585   10.0
 6690.0    9.562   10.0
 6700.0    9.546   10.0
 6710.0    9.519   10.0
 6720.0    9.501   10.0
 6730.0    9.513   10.0
 6740.0    9.502   10.0
 6750.0    9.501   10.0
 6760.0    9.491   10.0
 6770.0    9.491   10.0
 6780.0    9.470   10.0
 6790.0    9.441   10.0
 6800.0    9.456   10.0
 6810.0    9.445   10.0
 6820.0    9.441   10.0
 6830.0    9.436   10.0
 6840.0    9.450   10.0
 6850.0    9.441   10.0
 6860.0    9.479   10.0
 6870.0    9.638   10.0
 6880.0    9.533   10.0
 6890.0    9.542   10.0
 6900.0    9.497   10.0
 6910.0    9.435   10.0
 6920.0    9.402   10.0
 6930.0    9.418   10.0
 6940.0    9.427   10.0
 6950.0    9.391   10.0
 6960.0    9.355   10.0
 6970.0    9.331   10.0
 6980.0    9.340   10.0
 6990.0    9.359   10.0
 7000.0    9.328   10.0
 7010.0    9.322   10.0
 7020.0    9.325   10.0
 7030.0    9.297   10.0
 7040.0    9.281   10.0
 7050.0    9.261   10.0
 7060.0    9.266   10.0
 7070.0    9.266   10.0
 7080.0    9.246   10.0
 7090.0    9.227   10.0
 7100.0    9.219   10.0
 7110.0    9.196   10.0
 7120.0    9.179   10.0
 7130.0    9.184   10.0
 7140.0    9.200   10.0
 7150.0    9.203   10.0
 7160.0    9.209   10.0
 7170.0    9.326   10.0
 7180.0    9.389   10.0
 7190.0    9.372   10.0
 7200.0    9.341   10.0
 7210.0    9.235   10.0
 7220.0    9.218   10.0
 7230.0    9.253   10.0
 7240.0    9.264   10.0
 7250.0    9.271   10.0
 7260.0    9.260   10.0
 7270.0    9.250   10.0
 7280.0    9.222   10.0
 7290.0    9.230   10.0
 7300.0    9.218   10.0
 7310.0    9.212   10.0
 7320.0    9.162   10.0
 7330.0    9.130   10.0
 7340.0    9.130   10.0
 7350.0    9.117   10.0
 7360.0    9.112   10.0
 7370.0    9.095   10.0
 7380.0    9.082   10.0
 7390.0    9.084   10.0
 7400.0    9.077   10.0
 7410.0    9.066   10.0
 7420.0    9.067   10.0
 7430.0    9.059   10.0
 7440.0    9.043   10.0
 7450.0    9.028   10.0
 7460.0    9.019   10.0
 7470.0    9.024   10.0
 7480.0    9.026   10.0
 7490.0    9.005   10.0
 7500.0    8.966   10.0
 7510.0    8.961   10.0
 7520.0    8.943   10.0
 7530.0    8.949   10.0
 7540.0    8.953   10.0
 7550.0    8.964   10.0
 7560.0    8.963   10.0
 7570.0    8.950   10.0
 7580.0    8.970   10.0
 7590.0    9.193   10.0
 7600.0    9.922   10.0
 7610.0    9.871   10.0
 7620.0    9.445   10.0
 7630.0    9.577   10.0
 7640.0    9.480   10.0
 7650.0    9.292   10.0
 7660.0    9.153   10.0
 7670.0    9.055   10.0
 7680.0    8.989   10.0
 7690.0    8.969   10.0
 7700.0    8.967   10.0
 7710.0    8.914   10.0
 7720.0    8.879   10.0
 7730.0    8.863   10.0
 7740.0    8.861   10.0
 7750.0    8.847   10.0
 7760.0    8.829   10.0
 7770.0    8.821   10.0
 7780.0    8.808   10.0
 7790.0    8.786   10.0
 7800.0    8.760   10.0
 7810.0    8.740   10.0
 7820.0    8.741   10.0
 7830.0    8.738   10.0
 7840.0    8.730   10.0
 7850.0    8.706   10.0
 7860.0    8.682   10.0
 7870.0    8.671   10.0
 7880.0    8.683   10.0
 7890.0    8.692   10.0
 7900.0    8.692   10.0
 7910.0    8.676   10.0
 7920.0    8.677   10.0
 7930.0    8.659   10.0
 7940.0    8.627   10.0
 7950.0    8.632   10.0
 7960.0    8.627   10.0
 7970.0    8.635   10.0
 7980.0    8.610   10.0
 7990.0    8.608   10.0
 8000.0    8.605   10.0
 8010.0    8.621   10.0
 8020.0    8.609   10.0
 8030.0    8.598   10.0
 8040.0    8.586   10.0
 8050.0    8.572   10.0
 8060.0    8.573   10.0
 8070.0    8.553   10.0
 8080.0    8.543   10.0
 8090.0    8.556   10.0
