 3400.0    8.137   10.0
 3410.0    8.129   10.0
 3420.0    8.070   10.0
 3430.0    8.102   10.0
 3440.0    8.118   10.0
 3450.0    8.114   10.0
 3460.0    8.094   10.0
 3470.0    8.108   10.0
 3480.0    8.185   10.0
 3490.0    8.100   10.0
 3500.0    8.048   10.0
 3510.0    8.069   10.0
 3520.0    8.028   10.0
 3530.0    8.010   10.0
 3540.0    8.026   10.0
 3550.0    8.029   10.0
 3560.0    8.025   10.0
 3570.0    8.005   10.0
 3580.0    8.008   10.0
 3590.0    7.999   10.0
 3600.0    7.981   10.0
 3610.0    8.006   10.0
 3620.0    8.015   10.0
 3630.0    8.028   10.0
 3640.0    8.007   10.0
 3650.0    8.007   10.0
 3660.0    8.001   10.0
 3670.0    7.970   10.0
 3680.0    7.989   10.0
 3690.0    7.972   10.0
 3700.0    7.997   10.0
 3710.0    7.979   10.0
 3720.0    7.971   10.0
 3730.0    7.975   10.0
 3740.0    7.967   10.0
 3750.0    7.978   10.0
 3760.0    7.967   10.0
 3770.0    7.971   10.0
 3780.0    7.925   10.0
 3790.0    7.950   10.0
 3800.0    7.916   10.0
 3810.0    7.902   10.0
 3820.0    7.887   10.0
 3830.0    7.925   10.0
 3840.0    7.914   10.0
 3850.0    7.887   10.0
 3860.0    7.906   10.0
 3870.0    7.872   10.0
 3880.0    7.934   10.0
 3890.0    7.951   10.0
 3900.0    7.826   10.0
 3910.0    7.878   10.0
 3920.0    7.925   10.0
 3930.0    7.921   10.0
 3940.0    7.912   10.0
 3950.0    7.873   10.0
 3960.0    7.906   10.0
 3970.0    7.995   10.0
 3980.0    7.874   10.0
 3990.0    7.852   10.0
 4000.0    7.858   10.0
 4010.0    7.849   10.0
 4020.0    7.880   10.0
 4030.0    7.863   10.0
 4040.0    7.810   10.0
 4050.0    7.810   10.0
 4060.0    7.820   10.0
 4070.0    7.808   10.0
 4080.0    7.805   10.0
 4090.0    7.838   10.0
 4100.0    7.954   10.0
 4110.0    7.841   10.0
 4120.0    7.795   10.0
 4130.0    7.772   10.0
 4140.0    7.783   10.0
 4150.0    7.770   10.0
 4160.0    7.790   10.0
 4170.0    7.780   10.0
 4180.0    7.773   10.0
 4190.0    7.806   10.0
 4200.0    7.836   10.0
 4210.0    7.790   10.0
 4220.0    7.774   10.0
 4230.0    7.772   10.0
 4240.0    7.771   10.0
 4250.0    7.778   10.0
 4260.0    7.792   10.0
 4270.0    7.774   10.0
 4280.0    7.767   10.0
 4290.0    7.770   10.0
 4300.0    7.769   10.0
 4310.0    7.778   10.0
 4320.0    7.766   10.0
 4330.0    7.814   10.0
 4340.0    7.898   10.0
 4350.0    7.794   10.0
 4360.0    7.741   10.0
 4370.0    7.749   10.0
 4380.0    7.753   10.0
 4390.0    7.739   10.0
 4400.0    7.738   10.0
 4410.0    7.739   10.0
 4420.0    7.771   10.0
 4430.0    7.780   10.0
 4440.0    7.764   10.0
 4450.0    7.742   10.0
 4460.0    7.728   10.0
 4470.0    7.745   10.0
 4480.0    7.743   10.0
 4490.0    7.704   10.0
 4500.0    7.708   10.0
 4510.0    7.712   10.0
 4520.0    7.705   10.0
 4530.0    7.712   10.0
 4540.0    7.747   10.0
 4550.0    7.706   10.0
 4560.0    7.679   10.0
 4570.0    7.674   10.0
 4580.0    7.678   10.0
 4590.0    7.680   10.0
 4600.0    7.682   10.0
 4610.0    7.677   10.0
 4620.0    7.660   10.0
 4630.0    7.626   10.0
 4640.0    7.610   10.0
 4650.0    7.628   10.0
 4660.0    7.640   10.0
 4670.0    7.633   10.0
 4680.0    7.661   10.0
 4690.0    7.650   10.0
 4700.0    7.635   10.0
 4710.0    7.637   10.0
 4720.0    7.655   10.0
 4730.0    7.657   10.0
 4740.0    7.654   10.0
 4750.0    7.647   10.0
 4760.0    7.672   10.0
 4770.0    7.660   10.0
 4780.0    7.656   10.0
 4790.0    7.650   10.0
 4800.0    7.642   10.0
 4810.0    7.641   10.0
 4820.0    7.639   10.0
 4830.0    7.640   10.0
 4840.0    7.636   10.0
 4850.0    7.691   10.0
 4860.0    7.794   10.0
 4870.0    7.685   10.0
 4880.0    7.641   10.0
 4890.0    7.644   10.0
 4900.0    7.629   10.0
 4910.0    7.622   10.0
 4920.0    7.628   10.0
 4930.0    7.620   10.0
 4940.0    7.604   10.0
 4950.0    7.605   10.0
 4960.0    7.607   10.0
 4970.0    7.592   10.0
 4980.0    7.604   10.0
 4990.0    7.591   10.0
 5000.0    7.597   10.0
 5010.0    7.606   10.0
 5020.0    7.590   10.0
 5030.0    7.595   10.0
 5040.0    7.588   10.0
 5050.0    7.584   10.0
 5060.0    7.576   10.0
 5070.0    7.567   10.0
 5080.0    7.567   10.0
 5090.0    7.555   10.0
 5100.0    7.553   10.0
 5110.0    7.566   10.0
 5120.0    7.550   10.0
 5130.0    7.543   10.0
 5140.0    7.533   10.0
 5150.0    7.545   10.0
 5160.0    7.534   10.0
 5170.0    7.523   10.0
 5180.0    7.510   10.0
 5190.0    7.519   10.0
 5200.0    7.526   10.0
 5210.0    7.511   10.0
 5220.0    7.510   10.0
 5230.0    7.510   10.0
 5240.0    7.491   10.0
 5250.0    7.492   10.0
 5260.0    7.488   10.0
 5270.0    7.482   10.0
 5280.0    7.486   10.0
 5290.0    7.478   10.0
 5300.0    7.475   10.0
 5310.0    7.467   10.0
 5320.0    7.463   10.0
 5330.0    7.466   10.0
 5340.0    7.474   10.0
 5350.0    7.477   10.0
 5360.0    7.470   10.0
 5370.0    7.474   10.0
 5380.0    7.478   10.0
 5390.0    7.480   10.0
 5400.0    7.504   10.0
 5410.0    7.561   10.0
 5420.0    7.493   10.0
 5430.0    7.464   10.0
 5440.0    7.474   10.0
 5450.0    7.471   10.0
 5460.0    7.473   10.0
 5470.0    7.464   10.0
 5480.0    7.464   10.0
 5490.0    7.457   10.0
 5500.0    7.449   10.0
 5510.0    7.450   10.0
 5520.0    7.443   10.0
 5530.0    7.444   10.0
 5540.0    7.449   10.0
 5550.0    7.450   10.0
 5560.0    7.438   10.0
 5570.0    7.426   10.0
 5580.0    7.444   10.0
 5590.0    7.448   10.0
 5600.0    7.439   10.0
 5610.0    7.446   10.0
 5620.0    7.428   10.0
 5630.0    7.441   10.0
 5640.0    7.436   10.0
 5650.0    7.440   10.0
 5660.0    7.435   10.0
 5670.0    7.424   10.0
 5680.0    7.433   10.0
 5690.0    7.428   10.0
 5700.0    7.434   10.0
 5710.0    7.437   10.0
 5720.0    7.435   10.0
 5730.0    7.429   10.0
 5740.0    7.433   10.0
 5750.0    7.441   10.0
 5760.0    7.436   10.0
 5770.0    7.454   10.0
 5780.0    7.469   10.0
 5790.0    7.449   10.0
 5800.0    7.448   10.0
 5810.0    7.432   10.0
 5820.0    7.422   10.0
 5830.0    7.405   10.0
 5840.0    7.401   10.0
 5850.0    7.408   10.0
 5860.0    7.401   10.0
 5870.0    7.442   10.0
 5880.0    7.454   10.0
 5890.0    7.492   10.0
 5900.0    7.431   10.0
 5910.0    7.401   10.0
 5920.0    7.393   10.0
 5930.0    7.424   10.0
 5940.0    7.427   10.0
 5950.0    7.412   10.0
 5960.0    7.410   10.0
 5970.0    7.435   10.0
 5980.0    7.425   10.0
 5990.0    7.417   10.0
 6000.0    7.415   10.0
 6010.0    7.406   10.0
 6020.0    7.421   10.0
 6030.0    7.411   10.0
 6040.0    7.406   10.0
 6050.0    7.402   10.0
 6060.0    7.414   10.0
 6070.0    7.416   10.0
 6080.0    7.403   10.0
 6090.0    7.402   10.0
 6100.0    7.409   10.0
 6110.0    7.395   10.0
 6120.0    7.410   10.0
 6130.0    7.406   10.0
 6140.0    7.412   10.0
 6150.0    7.413   10.0
 6160.0    7.428   10.0
 6170.0    7.457   10.0
 6180.0    7.439   10.0
 6190.0    7.428   10.0
 6200.0    7.419   10.0
 6210.0    7.394   10.0
 6220.0    7.406   10.0
 6230.0    7.424   10.0
 6240.0    7.420   10.0
 6250.0    7.408   10.0
 6260.0    7.408   10.0
 6270.0    7.433   10.0
 6280.0    7.481   10.0
 6290.0    7.457   10.0
 6300.0    7.443   10.0
 6310.0    7.447   10.0
 6320.0    7.436   10.0
 6330.0    7.412   10.0
 6340.0    7.410   10.0
 6350.0    7.411   10.0
 6360.0    7.416   10.0
 6370.0    7.411   10.0
 6380.0    7.426   10.0
 6390.0    7.406   10.0
 6400.0    7.422   10.0
 6410.0    7.419   10.0
 6420.0    7.397   10.0
 6430.0    7.398   10.0
 6440.0    7.403   10.0
 6450.0    7.405   10.0
 6460.0    7.404   10.0
 6470.0    7.417   10.0
 6480.0    7.408   10.0
 6490.0    7.412   10.0
 6500.0    7.413   10.0
 6510.0    7.405   10.0
 6520.0    7.430   10.0
 6530.0    7.444   10.0
 6540.0    7.416   10.0
 6550.0    7.449   10.0
 6560.0    7.529   10.0
 6570.0    7.432   10.0
 6580.0    7.392   10.0
 6590.0    7.394   10.0
 6600.0    7.385   10.0
 6610.0    7.395   10.0
 6620.0    7.391   10.0
 6630.0    7.381   10.0
 6640.0    7.373   10.0
 6650.0    7.375   10.0
 6660.0    7.379   10.0
 6670.0    7.395   10.0
 6680.0    7.410   10.0
 6690.0    7.373   10.0
 6700.0    7.364   10.0
 6710.0    7.345   10.0
 6720.0    7.334   10.0
 6730.0    7.353   10.0
 6740.0    7.358   10.0
 6750.0    7.350   10.0
 6760.0    7.344   10.0
 6770.0    7.343   10.0
 6780.0    7.344   10.0
 6790.0    7.333   10.0
 6800.0    7.346   10.0
 6810.0    7.344   10.0
 6820.0    7.340   10.0
 6830.0    7.339   10.0
 6840.0    7.350   10.0
 6850.0    7.336   10.0
 6860.0    7.398   10.0
 6870.0    7.584   10.0
 6880.0    7.499   10.0
 6890.0    7.512   10.0
 6900.0    7.458   10.0
 6910.0    7.403   10.0
 6920.0    7.373   10.0
 6930.0    7.369   10.0
 6940.0    7.379   10.0
 6950.0    7.366   10.0
 6960.0    7.352   10.0
 6970.0    7.339   10.0
 6980.0    7.348   10.0
 6990.0    7.381   10.0
 7000.0    7.375   10.0
 7010.0    7.372   10.0
 7020.0    7.365   10.0
 7030.0    7.342   10.0
 7040.0    7.353   10.0
 7050.0    7.354   10.0
 7060.0    7.363   10.0
 7070.0    7.363   10.0
 7080.0    7.346   10.0
 7090.0    7.344   10.0
 7100.0    7.345   10.0
 7110.0    7.346   10.0
 7120.0    7.346   10.0
 7130.0    7.344   10.0
 7140.0    7.348   10.0
 7150.0    7.363   10.0
 7160.0    7.379   10.0
 7170.0    7.485   10.0
 7180.0    7.536   10.0
 7190.0    7.509   10.0
 7200.0    7.486   10.0
 7210.0    7.406   10.0
 7220.0    7.392   10.0
 7230.0    7.434   10.0
 7240.0    7.450   10.0
 7250.0    7.450   10.0
 7260.0    7.457   10.0
 7270.0    7.455   10.0
 7280.0    7.429   10.0
 7290.0    7.429   10.0
 7300.0    7.430   10.0
 7310.0    7.425   10.0
 7320.0    7.393   10.0
 7330.0    7.371   10.0
 7340.0    7.381   10.0
 7350.0    7.380   10.0
 7360.0    7.374   10.0
 7370.0    7.376   10.0
 7380.0    7.367   10.0
 7390.0    7.369   10.0
 7400.0    7.368   10.0
 7410.0    7.357   10.0
 7420.0    7.357   10.0
 7430.0    7.359   10.0
 7440.0    7.354   10.0
 7450.0    7.360   10.0
 7460.0    7.355   10.0
 7470.0    7.356   10.0
 7480.0    7.359   10.0
 7490.0    7.351   10.0
 7500.0    7.330   10.0
 7510.0    7.326   10.0
 7520.0    7.328   10.0
 7530.0    7.347   10.0
 7540.0    7.346   10.0
 7550.0    7.346   10.0
 7560.0    7.348   10.0
 7570.0    7.361   10.0
 7580.0    7.400   10.0
 7590.0    7.673   10.0
 7600.0    8.403   10.0
 7610.0    8.255   10.0
 7620.0    7.875   10.0
 7630.0    8.025   10.0
 7640.0    7.866   10.0
 7650.0    7.687   10.0
 7660.0    7.559   10.0
 7670.0    7.464   10.0
 7680.0    7.405   10.0
 7690.0    7.375   10.0
 7700.0    7.380   10.0
 7710.0    7.353   10.0
 7720.0    7.340   10.0
 7730.0    7.338   10.0
 7740.0    7.339   10.0
 7750.0    7.342   10.0
 7760.0    7.332   10.0
 7770.0    7.325   10.0
 7780.0    7.322   10.0
 7790.0    7.322   10.0
 7800.0    7.326   10.0
 7810.0    7.315   10.0
 7820.0    7.319   10.0
 7830.0    7.315   10.0
 7840.0    7.319   10.0
 7850.0    7.323   10.0
 7860.0    7.308   10.0
 7870.0    7.311   10.0
 7880.0    7.320   10.0
 7890.0    7.331   10.0
 7900.0    7.344   10.0
 7910.0    7.322   10.0
 7920.0    7.319   10.0
 7930.0    7.330   10.0
 7940.0    7.301   10.0
 7950.0    7.299   10.0
 7960.0    7.303   10.0
 7970.0    7.317   10.0
 7980.0    7.324   10.0
 7990.0    7.316   10.0
 8000.0    7.332   10.0
 8010.0    7.330   10.0
 8020.0    7.332   10.0
 8030.0    7.326   10.0
 8040.0    7.323   10.0
 8050.0    7.318   10.0
 8060.0    7.321   10.0
 8070.0    7.323   10.0
 8080.0    7.316   10.0
 8090.0    7.325   10.0
