2924.6924  0.000
2926.3337  0.000
2927.9750  0.000
2929.6163  0.000
2931.2575  0.000
2932.8988  0.000
2934.5401  0.000
2936.1814  0.000
2937.8227  0.000
2939.4640  0.000
2941.1052  0.000
2942.7465  0.000
2944.3878  0.000
2946.0291  0.000
2947.6704  0.000
2949.3117  0.000
2950.9529  0.000
2952.5942  0.000
2954.2355  0.000
2955.8768  0.000
2957.5181  0.000
2959.1594  0.000
2960.8007  0.000
2962.4419  0.000
2964.0832  0.000
2965.7245  0.000
2967.3658  0.000
2969.0071  0.000
2970.6484  0.000
2972.2896  0.000
2973.9309  0.000
2975.5722  0.000
2977.2135  0.000
2978.8548  0.000
2980.4961  0.000
2982.1374  0.000
2983.7786  0.000
2985.4199  0.000
2987.0612  0.000
2988.7025  0.000
2990.3438  0.000
2991.9851  0.000
2993.6263  0.000
2995.2676  0.000
2996.9089  0.000
2998.5502  0.000
3000.1915  0.000
3001.8328  0.000
3003.4740  0.000
3005.1153  0.000
3006.7566  0.000
3008.3979  0.000
3010.0392  0.000
3011.6805  0.000
3013.3218  0.000
3014.9630  0.000
3016.6043  0.000
3018.2456  0.000
3019.8869  0.000
3021.5282  0.000
3023.1695  0.000
3024.8107  0.000
3026.4520  0.000
3028.0933  0.000
3029.7346  0.000
3031.3759  0.000
3033.0172  0.000
3034.6584  0.000
3036.2997  0.000
3037.9410  0.000
3039.5823  0.000
3041.2236  0.000
3042.8649  0.000
3044.5062  0.000
3046.1474  0.000
3047.7887  0.000
3049.4300  0.000
3051.0713  0.000
3052.7126  0.000
3054.3539  0.000
3055.9951  0.000
3057.6364  0.000
3059.2777  0.000
3060.9190  0.000
3062.5603  0.000
3064.2016  0.000
3065.8428  0.000
3067.4841  0.000
3069.1254  0.000
3070.7667  0.000
3072.4080  0.000
3074.0493  0.000
3075.6906  0.000
3077.3318  0.000
3078.9731  0.000
3080.6144  0.000
3082.2557  0.000
3083.8970  0.000
3085.5383  0.000
3087.1795  0.000
3088.8208  0.000
3090.4621  0.000
3092.1034  0.000
3093.7447  0.000
3095.3860  0.000
3097.0273  0.000
3098.6685  0.000
3100.3098  0.000
3101.9511  0.000
3103.5924  0.000
3105.2337  0.000
3106.8750  0.000
3108.5162  0.000
3110.1575  0.000
3111.7988  0.000
3113.4401  0.000
3115.0814  0.000
3116.7227  0.000
3118.3639  0.000
3120.0052  0.000
3121.6465  0.000
3123.2878  0.000
3124.9291  0.000
3126.5704  9.817
3128.2117  9.800
3129.8529  9.792
3131.4942  9.790
3133.1355  9.782
3134.7768  9.769
3136.4181  9.753
3138.0594  9.738
3139.7006  9.713
3141.3419  9.689
3142.9832  9.670
3144.6245  9.651
3146.2658  9.644
3147.9071  9.638
3149.5483  9.636
3151.1896  9.646
3152.8309  9.658
3154.4722  9.645
3156.1135  9.629
3157.7548  9.608
3159.3961  9.589
3161.0373  9.590
3162.6786  9.587
3164.3199  9.607
3165.9612  9.627
3167.6025  9.625
3169.2438  9.621
3170.8850  9.622
3172.5263  9.629
3174.1676  9.639
3175.8089  9.644
3177.4502  9.640
3179.0915  9.627
3180.7328  9.610
3182.3740  9.597
3184.0153  9.590
3185.6566  9.586
3187.2979  9.583
3188.9392  9.591
3190.5805  9.614
3192.2217  9.647
3193.8630  9.671
3195.5043  9.683
3197.1456  9.689
3198.7869  9.689
3200.4282  9.682
3202.0694  9.668
3203.7107  9.655
3205.3520  9.643
3206.9933  9.632
3208.6346  9.622
3210.2759  9.616
3211.9172  9.605
3213.5584  9.589
3215.1997  9.579
3216.8410  9.579
3218.4823  9.590
3220.1236  9.606
3221.7649  9.614
3223.4061  9.614
3225.0474  9.609
3226.6887  9.606
3228.3300  9.605
3229.9713  9.596
3231.6126  9.571
3233.2538  9.560
3234.8951  9.564
3236.5364  9.573
3238.1777  9.578
3239.8190  9.578
3241.4603  9.582
3243.1016  9.590
3244.7428  9.597
3246.3841  9.600
3248.0254  9.596
3249.6667  9.588
3251.3080  9.581
3252.9493  9.574
3254.5905  9.575
3256.2318  9.570
3257.8731  9.570
3259.5144  9.574
3261.1557  9.575
3262.7970  9.575
3264.4383  9.573
3266.0795  9.573
3267.7208  9.572
3269.3621  9.581
3271.0034  9.582
3272.6447  9.579
3274.2860  9.569
3275.9272  9.565
3277.5685  9.568
3279.2098  9.572
3280.8511  9.578
3282.4924  9.576
3284.1337  9.581
3285.7749  9.576
3287.4162  9.571
3289.0575  9.561
3290.6988  9.551
3292.3401  9.549
3293.9814  9.547
3295.6227  9.543
3297.2639  9.536
3298.9052  9.539
3300.5465  9.547
3302.1878  9.556
3303.8291  9.561
3305.4704  9.563
3307.1116  9.564
3308.7529  9.565
3310.3942  9.565
3312.0355  9.561
3313.6768  9.551
3315.3181  9.539
3316.9593  9.541
3318.6006  9.552
3320.2419  9.563
3321.8832  9.574
3323.5245  9.570
3325.1658  9.558
3326.8071  9.545
3328.4483  9.541
3330.0896  9.547
3331.7309  9.552
3333.3722  9.556
3335.0135  9.560
3336.6548  9.565
3338.2960  9.574
3339.9373  9.581
3341.5786  9.583
3343.2199  9.580
3344.8612  9.569
3346.5025  9.566
3348.1437  9.564
3349.7850  9.563
3351.4263  9.561
3353.0676  9.560
3354.7089  9.565
3356.3502  9.571
3357.9915  9.571
3359.6327  9.569
3361.2740  9.566
3362.9153  9.567
3364.5566  9.573
3366.1979  9.579
3367.8392  9.583
3369.4804  9.586
3371.1217  9.588
3372.7630  9.592
3374.4043  9.594
3376.0456  9.593
3377.6869  9.593
3379.3282  9.587
3380.9694  9.583
3382.6107  9.582
3384.2520  9.587
3385.8933  9.589
3387.5346  9.584
3389.1759  9.580
3390.8171  9.581
3392.4584  9.586
3394.0997  9.597
3395.7410  9.608
3397.3823  9.615
3399.0236  9.615
3400.6648  9.612
3402.3061  9.611
3403.9474  9.613
3405.5887  9.612
3407.2300  9.609
3408.8713  9.613
3410.5126  9.618
3412.1538  9.619
3413.7951  9.617
3415.4364  9.611
3417.0777  9.599
3418.7190  9.585
3420.3603  9.576
3422.0015  9.582
3423.6428  9.593
3425.2841  9.599
3426.9254  9.597
3428.5667  9.600
3430.2080  9.612
3431.8492  9.628
3433.4905  9.638
3435.1318  9.639
3436.7731  9.642
3438.4144  9.643
3440.0557  9.646
3441.6970  9.648
3443.3382  9.650
3444.9795  9.653
3446.6208  9.661
3448.2621  9.669
3449.9034  9.671
3451.5447  9.666
3453.1859  9.651
3454.8272  9.636
3456.4685  9.625
3458.1098  9.628
3459.7511  9.638
3461.3924  9.645
3463.0337  9.651
3464.6749  9.654
3466.3162  9.654
3467.9575  9.648
3469.5988  9.644
3471.2401  9.645
3472.8814  9.651
3474.5226  9.661
3476.1639  9.668
3477.8052  9.673
3479.4465  9.676
3481.0878  9.680
3482.7291  9.683
3484.3703  9.685
3486.0116  9.679
3487.6529  9.677
3489.2942  9.673
3490.9355  9.665
3492.5768  9.656
3494.2181  9.649
3495.8593  9.647
3497.5006  9.653
3499.1419  9.662
3500.7832  9.666
3502.4245  9.667
3504.0658  9.671
3505.7070  9.679
3507.3483  9.687
3508.9896  9.686
3510.6309  9.681
3512.2722  9.675
3513.9135  9.674
3515.5547  9.675
3517.1960  9.670
3518.8373  9.660
3520.4786  9.654
3522.1199  9.651
3523.7612  9.647
3525.4025  9.643
3527.0437  9.647
3528.6850  9.655
3530.3263  9.665
3531.9676  9.666
3533.6089  9.666
3535.2502  9.669
3536.8914  9.674
3538.5327  9.678
3540.1740  9.679
3541.8153  9.672
3543.4566  9.665
3545.0979  9.665
3546.7391  9.670
3548.3804  9.677
3550.0217  9.680
3551.6630  9.685
3553.3043  9.690
3554.9456  9.691
3556.5869  9.689
3558.2281  9.692
3559.8694  9.694
3561.5107  9.698
3563.1520  9.695
3564.7933  9.691
3566.4346  9.682
3568.0758  9.680
3569.7171  9.685
3571.3584  9.691
3572.9997  9.696
3574.6410  9.698
3576.2823  9.699
3577.9236  9.701
3579.5648  9.707
3581.2061  9.710
3582.8474  9.714
3584.4887  9.718
3586.1300  9.721
3587.7713  9.715
3589.4125  9.717
3591.0538  9.717
3592.6951  9.717
3594.3364  9.711
3595.9777  9.711
3597.6190  9.718
3599.2602  9.721
3600.9015  9.714
3602.5428  9.707
3604.1841  9.707
3605.8254  9.706
3607.4667  9.710
3609.1080  9.712
3610.7492  9.714
3612.3905  9.712
3614.0318  9.712
3615.6731  9.716
3617.3144  9.724
3618.9557  9.722
3620.5969  9.713
3622.2382  9.710
3623.8795  9.712
3625.5208  9.716
3627.1621  9.721
3628.8034  9.732
3630.4446  9.743
3632.0859  9.745
3633.7272  9.740
3635.3685  9.742
3637.0098  9.743
3638.6511  9.744
3640.2924  9.742
3641.9336  9.740
3643.5749  9.741
3645.2162  9.742
3646.8575  9.738
3648.4988  9.735
3650.1401  9.738
3651.7813  9.739
3653.4226  9.740
3655.0639  9.740
3656.7052  9.741
3658.3465  9.738
3659.9878  9.745
3661.6291  9.755
3663.2703  9.756
3664.9116  9.748
3666.5529  9.736
3668.1942  9.732
3669.8355  9.736
3671.4768  9.739
3673.1180  9.751
3674.7593  9.770
3676.4006  9.778
3678.0419  9.769
3679.6832  9.755
3681.3245  9.748
3682.9657  9.745
3684.6070  9.746
3686.2483  9.748
3687.8896  9.761
3689.5309  9.768
3691.1722  9.771
3692.8135  9.771
3694.4547  9.772
3696.0960  9.775
3697.7373  9.775
3699.3786  9.773
3701.0199  9.771
3702.6612  9.769
3704.3024  9.760
3705.9437  9.756
3707.5850  9.754
3709.2263  9.758
3710.8676  9.764
3712.5089  9.767
3714.1501  9.771
3715.7914  9.775
3717.4327  9.774
3719.0740  9.773
3720.7153  9.777
3722.3566  9.779
3723.9979  9.783
3725.6391  9.785
3727.2804  9.789
3728.9217  9.792
3730.5630  9.794
3732.2043  9.794
3733.8456  9.792
3735.4868  9.792
3737.1281  9.793
3738.7694  9.792
3740.4107  9.788
3742.0520  9.792
3743.6933  9.794
3745.3345  9.796
3746.9758  9.796
3748.6171  9.795
3750.2584  9.790
3751.8997  9.793
3753.5410  9.802
3755.1823  9.811
3756.8235  9.814
3758.4648  9.816
3760.1061  9.817
3761.7474  9.818
3763.3887  9.820
3765.0300  9.820
3766.6712  9.825
3768.3125  9.821
3769.9538  9.813
3771.5951  9.804
3773.2364  9.798
3774.8777  9.796
3776.5190  9.795
3778.1602  9.797
3779.8015  9.805
3781.4428  9.817
3783.0841  9.820
3784.7254  9.822
3786.3667  9.823
3788.0079  9.825
3789.6492  9.824
3791.2905  9.825
3792.9318  9.831
3794.5731  9.838
3796.2144  9.840
3797.8556  9.836
3799.4969  9.834
3801.1382  9.833
3802.7795  9.837
3804.4208  9.840
3806.0621  9.842
3807.7034  9.842
3809.3446  9.839
3810.9859  9.834
3812.6272  9.838
3814.2685  9.842
3815.9098  9.838
3817.5511  9.832
3819.1923  9.834
3820.8336  9.847
3822.4749  9.859
3824.1162  9.864
3825.7575  9.862
3827.3988  9.865
3829.0400  9.865
3830.6813  9.867
3832.3226  9.871
3833.9639  9.873
3835.6052  9.871
3837.2465  9.862
3838.8878  9.860
3840.5290  9.863
3842.1703  9.871
3843.8116  9.868
3845.4529  9.864
3847.0942  9.863
3848.7355  9.868
3850.3767  9.870
3852.0180  9.869
3853.6593  9.871
3855.3006  9.873
3856.9419  9.875
3858.5832  9.874
3860.2245  9.874
3861.8657  9.873
3863.5070  9.872
3865.1483  9.873
3866.7896  9.877
3868.4309  9.878
3870.0722  9.872
3871.7134  9.865
3873.3547  9.868
3874.9960  9.875
3876.6373  9.875
3878.2786  9.873
3879.9199  9.872
3881.5611  9.881
3883.2024  9.888
3884.8437  9.897
3886.4850  9.912
3888.1263  9.925
3889.7676  9.922
3891.4089  9.914
3893.0501  9.908
3894.6914  9.905
3896.3327  9.903
3897.9740  9.892
3899.6153  9.892
3901.2566  9.899
3902.8978  9.902
3904.5391  9.898
3906.1804  9.892
3907.8217  9.889
3909.4630  9.887
3911.1043  9.886
3912.7455  9.884
3914.3868  9.888
3916.0281  9.889
3917.6694  9.889
3919.3107  9.887
3920.9520  9.890
3922.5933  9.896
3924.2345  9.895
3925.8758  9.893
3927.5171  9.896
3929.1584  9.899
3930.7997  9.895
3932.4410  9.894
3934.0822  9.897
3935.7235  9.902
3937.3648  9.902
3939.0061  9.903
3940.6474  9.905
3942.2887  9.911
3943.9300  9.913
3945.5712  9.914
3947.2125  9.916
3948.8538  9.917
3950.4951  9.921
3952.1364  9.922
3953.7777  9.930
3955.4189  9.936
3957.0602  9.941
3958.7015  9.939
3960.3428  9.941
3961.9841  9.950
3963.6254  9.962
3965.2666  9.971
3966.9079  9.974
3968.5492  9.980
3970.1905  9.985
3971.8318  9.980
3973.4731  9.974
3975.1144  9.981
3976.7556  9.969
3978.3969  9.948
3980.0382  9.933
3981.6795  9.929
3983.3208  9.936
3984.9621  9.938
3986.6033  9.931
3988.2446  9.922
3989.8859  9.919
3991.5272  9.922
3993.1685  9.926
3994.8098  9.929
3996.4510  9.935
3998.0923  9.936
3999.7336  9.934
4001.3749  9.932
4003.0162  9.932
4004.6575  9.931
4006.2988  9.922
4007.9400  9.909
4009.5813  9.902
4011.2226  9.906
4012.8639  9.914
4014.5052  9.918
4016.1465  9.916
4017.7877  9.916
4019.4290  9.918
4021.0703  9.930
4022.7116  9.946
4024.3529  9.959
4025.9942  9.959
4027.6354  9.942
4029.2767  9.916
4030.9180  9.890
4032.5593  9.880
4034.2006  9.885
4035.8419  9.898
4037.4832  9.908
4039.1244  9.917
4040.7657  9.922
4042.4070  9.927
4044.0483  9.927
4045.6896  9.926
4047.3309  9.920
4048.9721  9.914
4050.6134  9.908
4052.2547  9.908
4053.8960  9.917
4055.5373  9.931
4057.1786  9.942
4058.8199  9.946
4060.4611  9.945
4062.1024  9.941
4063.7437  9.936
4065.3850  9.931
4067.0263  9.929
4068.6676  9.934
4070.3088  9.942
4071.9501  9.944
4073.5914  9.942
4075.2327  9.939
4076.8740  9.940
4078.5153  9.942
4080.1565  9.948
4081.7978  9.957
4083.4391  9.964
4085.0804  9.973
4086.7217  9.986
4088.3630  9.996
4090.0043 10.003
4091.6455 10.013
4093.2868 10.033
4094.9281 10.057
4096.5694 10.079
4098.2107 10.093
4099.8520 10.099
4101.4932 10.096
4103.1345 10.089
4104.7758 10.078
4106.4171 10.068
4108.0584 10.057
4109.6997 10.045
4111.3409 10.031
4112.9822 10.020
4114.6235 10.018
4116.2648 10.013
4117.9061 10.007
4119.5474 10.001
4121.1887  9.999
4122.8299  9.993
4124.4712  9.986
4126.1125  9.977
4127.7538  9.974
4129.3951  9.973
4131.0364  9.972
4132.6776  9.971
4134.3189  9.970
4135.9602  9.973
4137.6015  9.973
4139.2428  9.974
4140.8841  9.977
4142.5254  9.984
4144.1666  9.988
4145.8079  9.986
4147.4492  9.978
4149.0905  9.973
4150.7318  9.975
4152.3731  9.979
4154.0143  9.985
4155.6556  9.994
4157.2969 10.001
4158.9382  9.998
4160.5795  9.991
4162.2208  9.987
4163.8620  9.990
4165.5033  9.995
4167.1446  9.995
4168.7859  9.991
4170.4272  9.991
4172.0685  9.993
4173.7098  9.992
4175.3510  9.991
4176.9923  9.991
4178.6336  9.993
4180.2749  9.995
4181.9162  9.997
4183.5575  9.996
4185.1987  9.997
4186.8400  9.997
4188.4813 10.000
4190.1226 10.002
4191.7639 10.005
4193.4052 10.011
4195.0464 10.014
4196.6877 10.015
4198.3290 10.015
4199.9703 10.020
4201.6116 10.024
4203.2529 10.027
4204.8942 10.029
4206.5354 10.029
4208.1767 10.023
4209.8180 10.015
4211.4593 10.011
4213.1006 10.012
4214.7419 10.015
4216.3831 10.011
4218.0244 10.005
4219.6657 10.007
4221.3070 10.018
4222.9483 10.025
4224.5896 10.025
4226.2308 10.023
4227.8721 10.022
4229.5134 10.022
4231.1547 10.021
4232.7960 10.022
4234.4373 10.030
4236.0786 10.038
4237.7198 10.036
4239.3611 10.026
4241.0024 10.016
4242.6437 10.018
4244.2850 10.030
4245.9263 10.043
4247.5675 10.044
4249.2088 10.038
4250.8501 10.035
4252.4914 10.038
4254.1327 10.047
4255.7740 10.056
4257.4153 10.058
4259.0565 10.055
4260.6978 10.052
4262.3391 10.052
4263.9804 10.050
4265.6217 10.046
4267.2630 10.045
4268.9042 10.047
4270.5455 10.050
4272.1868 10.048
4273.8281 10.043
4275.4694 10.039
4277.1107 10.040
4278.7519 10.045
4280.3932 10.048
4282.0345 10.050
4283.6758 10.051
4285.3171 10.052
4286.9584 10.053
4288.5997 10.056
4290.2409 10.057
4291.8822 10.057
4293.5235 10.056
4295.1648 10.056
4296.8061 10.061
4298.4474 10.066
4300.0886 10.069
4301.7299 10.072
4303.3712 10.077
4305.0125 10.082
4306.6538 10.086
4308.2951 10.085
4309.9363 10.085
4311.5776 10.087
4313.2189 10.088
4314.8602 10.088
4316.5015 10.086
4318.1428 10.087
4319.7841 10.091
4321.4253 10.103
4323.0666 10.116
4324.7079 10.129
4326.3492 10.139
4327.9905 10.147
4329.6318 10.159
4331.2730 10.176
4332.9143 10.200
4334.5556 10.224
4336.1969 10.242
4337.8382 10.251
4339.4795 10.253
4341.1208 10.249
4342.7620 10.240
4344.4033 10.226
4346.0446 10.209
4347.6859 10.194
4349.3272 10.180
4350.9685 10.166
4352.6097 10.151
4354.2510 10.136
4355.8923 10.124
4357.5336 10.114
4359.1749 10.107
4360.8162 10.105
4362.4574 10.105
4364.0987 10.104
4365.7400 10.105
4367.3813 10.103
4369.0226 10.104
4370.6639 10.101
4372.3052 10.099
4373.9464 10.099
4375.5877 10.101
4377.2290 10.102
4378.8703 10.102
4380.5116 10.104
4382.1529 10.103
4383.7941 10.101
4385.4354 10.097
4387.0767 10.095
4388.7180 10.096
4390.3593 10.098
4392.0006 10.099
4393.6418 10.099
4395.2831 10.100
4396.9244 10.101
4398.5657 10.103
4400.2070 10.102
4401.8483 10.097
4403.4896 10.092
4405.1308 10.092
4406.7721 10.095
4408.4134 10.100
4410.0547 10.105
4411.6960 10.108
4413.3373 10.107
4414.9785 10.103
4416.6198 10.101
4418.2611 10.102
4419.9024 10.108
4421.5437 10.113
4423.1850 10.116
4424.8263 10.118
4426.4675 10.117
4428.1088 10.116
4429.7501 10.112
4431.3914 10.113
4433.0327 10.114
4434.6740 10.118
4436.3152 10.123
4437.9565 10.130
4439.5978 10.133
4441.2391 10.131
4442.8804 10.128
4444.5217 10.127
4446.1629 10.131
4447.8042 10.132
4449.4455 10.132
4451.0868 10.132
4452.7281 10.132
4454.3694 10.130
4456.0107 10.124
4457.6519 10.119
4459.2932 10.120
4460.9345 10.124
4462.5758 10.125
4464.2171 10.128
4465.8584 10.132
4467.4996 10.135
4469.1409 10.134
4470.7822 10.127
4472.4235 10.129
4474.0648 10.141
4475.7061 10.154
4477.3473 10.156
4478.9886 10.153
4480.6299 10.151
4482.2712 10.152
4483.9125 10.152
4485.5538 10.146
4487.1951 10.142
4488.8363 10.143
4490.4776 10.143
4492.1189 10.137
4493.7602 10.132
4495.4015 10.132
4497.0428 10.140
4498.6840 10.147
4500.3253 10.152
4501.9666 10.155
4503.6079 10.157
4505.2492 10.158
4506.8905 10.154
4508.5317 10.154
4510.1730 10.158
4511.8143 10.161
4513.4556 10.160
4515.0969 10.159
4516.7382 10.159
4518.3795 10.162
4520.0207 10.165
4521.6620 10.165
4523.3033 10.166
4524.9446 10.166
4526.5859 10.169
4528.2272 10.170
4529.8684 10.174
4531.5097 10.179
4533.1510 10.183
4534.7923 10.188
4536.4336 10.193
4538.0749 10.197
4539.7162 10.200
4541.3574 10.201
4542.9987 10.199
4544.6400 10.198
4546.2813 10.193
4547.9226 10.188
4549.5639 10.187
4551.2051 10.186
4552.8464 10.188
4554.4877 10.186
4556.1290 10.182
4557.7703 10.178
4559.4116 10.181
4561.0528 10.185
4562.6941 10.184
4564.3354 10.179
4565.9767 10.175
4567.6180 10.179
4569.2593 10.183
4570.9006 10.184
4572.5418 10.181
4574.1831 10.182
4575.8244 10.184
4577.4657 10.183
4579.1070 10.181
4580.7483 10.181
4582.3895 10.183
4584.0308 10.182
4585.6721 10.182
4587.3134 10.181
4588.9547 10.182
4590.5960 10.183
4592.2372 10.183
4593.8785 10.186
4595.5198 10.188
4597.1611 10.194
4598.8024 10.198
4600.4437 10.199
4602.0850 10.199
4603.7262 10.198
4605.3675 10.197
4607.0088 10.196
4608.6501 10.195
4610.2914 10.194
4611.9327 10.195
4613.5739 10.195
4615.2152 10.198
4616.8565 10.202
4618.4978 10.204
4620.1391 10.203
4621.7804 10.200
4623.4217 10.196
4625.0629 10.194
4626.7042 10.194
4628.3455 10.195
4629.9868 10.197
4631.6281 10.196
4633.2694 10.197
4634.9106 10.199
4636.5519 10.205
4638.1932 10.212
4639.8345 10.213
4641.4758 10.212
4643.1171 10.207
4644.7583 10.206
4646.3996 10.206
4648.0409 10.203
4649.6822 10.202
4651.3235 10.206
4652.9648 10.214
4654.6061 10.219
4656.2473 10.217
4657.8886 10.215
4659.5299 10.218
4661.1712 10.221
4662.8125 10.222
4664.4538 10.222
4666.0950 10.223
4667.7363 10.227
4669.3776 10.226
4671.0189 10.225
4672.6602 10.228
4674.3015 10.240
4675.9427 10.255
4677.5840 10.269
4679.2253 10.286
4680.8666 10.306
4682.5079 10.324
4684.1492 10.333
4685.7905 10.336
4687.4317 10.332
4689.0730 10.322
4690.7143 10.306
4692.3556 10.286
4693.9969 10.267
4695.6382 10.253
4697.2794 10.247
4698.9207 10.241
4700.5620 10.241
4702.2033 10.237
4703.8446 10.236
4705.4859 10.235
4707.1271 10.232
4708.7684 10.229
4710.4097 10.230
4712.0510 10.233
4713.6923 10.234
4715.3336 10.240
4716.9749 10.248
4718.6161 10.251
4720.2574 10.245
4721.8987 10.238
4723.5400 10.233
4725.1813 10.231
4726.8226 10.232
4728.4638 10.235
4730.1051 10.241
4731.7464 10.244
4733.3877 10.244
4735.0290 10.246
4736.6703 10.251
4738.3116 10.256
4739.9528 10.257
4741.5941 10.253
4743.2354 10.248
4744.8767 10.245
4746.5180 10.243
4748.1593 10.243
4749.8005 10.245
4751.4418 10.253
4753.0831 10.261
4754.7244 10.266
4756.3657 10.268
4758.0070 10.266
4759.6482 10.266
4761.2895 10.266
4762.9308 10.265
4764.5721 10.262
4766.2134 10.261
4767.8547 10.260
4769.4960 10.259
4771.1372 10.260
4772.7785 10.263
4774.4198 10.269
4776.0611 10.270
4777.7024 10.272
4779.3437 10.274
4780.9849 10.275
4782.6262 10.272
4784.2675 10.269
4785.9088 10.271
4787.5501 10.276
4789.1914 10.280
4790.8326 10.283
4792.4739 10.286
4794.1152 10.284
4795.7565 10.279
4797.3978 10.271
4799.0391 10.266
4800.6804 10.266
4802.3216 10.269
4803.9629 10.273
4805.6042 10.277
4807.2455 10.277
4808.8868 10.276
4810.5281 10.277
4812.1693 10.276
4813.8106 10.275
4815.4519 10.275
4817.0932 10.277
4818.7345 10.278
4820.3758 10.278
4822.0171 10.277
4823.6583 10.280
4825.2996 10.285
4826.9409 10.291
4828.5822 10.294
4830.2235 10.295
4831.8648 10.299
4833.5060 10.300
4835.1473 10.302
4836.7886 10.304
4838.4299 10.306
4840.0712 10.308
4841.7125 10.312
4843.3537 10.319
4844.9950 10.328
4846.6363 10.341
4848.2776 10.358
4849.9189 10.382
4851.5602 10.407
4853.2015 10.426
4854.8427 10.440
4856.4840 10.457
4858.1253 10.477
4859.7666 10.489
4861.4079 10.491
4863.0492 10.478
4864.6904 10.461
4866.3317 10.445
4867.9730 10.425
4869.6143 10.401
4871.2556 10.381
4872.8969 10.366
4874.5381 10.350
4876.1794 10.333
4877.8207 10.322
4879.4620 10.320
4881.1033 10.329
4882.7446 10.328
4884.3859 10.331
4886.0271 10.336
4887.6684 10.339
4889.3097 10.341
4890.9510 10.341
4892.5923 10.342
4894.2336 10.344
4895.8748 10.343
4897.5161 10.336
4899.1574 10.322
4900.7987 10.310
4902.4400 10.304
4904.0813 10.305
4905.7226 10.309
4907.3638 10.318
4909.0051 10.327
4910.6464 10.332
4912.2877 10.331
4913.9290 10.331
4915.5703 10.331
4917.2115 10.330
4918.8528 10.328
4920.4941 10.329
4922.1354 10.331
4923.7767 10.328
4925.4180 10.323
4927.0592 10.322
4928.7005 10.325
4930.3418 10.331
4931.9831 10.339
4933.6244 10.346
4935.2657 10.348
4936.9070 10.341
4938.5482 10.331
4940.1895 10.326
4941.8308 10.326
4943.4721 10.330
4945.1134 10.337
4946.7547 10.342
4948.3959 10.345
4950.0372 10.346
4951.6785 10.347
4953.3198 10.350
4954.9611 10.354
4956.6024 10.356
4958.2436 10.355
4959.8849 10.351
4961.5262 10.347
4963.1675 10.344
4964.8088 10.342
4966.4501 10.342
4968.0914 10.345
4969.7326 10.349
4971.3739 10.351
4973.0152 10.349
4974.6565 10.347
4976.2978 10.346
4977.9391 10.348
4979.5803 10.354
4981.2216 10.360
4982.8629 10.363
4984.5042 10.362
4986.1455 10.362
4987.7868 10.364
4989.4280 10.362
4991.0693 10.357
4992.7106 10.354
4994.3519 10.355
4995.9932 10.357
4997.6345 10.358
4999.2758 10.356
5000.9170 10.354
5002.5583 10.355
5004.1996 10.359
5005.8409 10.365
5007.4822 10.372
5009.1235 10.373
5010.7647 10.370
5012.4060 10.368
5014.0473 10.370
5015.6886 10.374
5017.3299 10.375
5018.9712 10.373
5020.6125 10.372
5022.2537 10.373
5023.8950 10.376
5025.5363 10.379
5027.1776 10.383
5028.8189 10.389
5030.4602 10.396
5032.1014 10.400
5033.7427 10.400
5035.3840 10.397
5037.0253 10.393
5038.6666 10.389
5040.3079 10.383
5041.9491 10.377
5043.5904 10.372
5045.2317 10.370
5046.8730 10.371
5048.5143 10.372
5050.1556 10.375
5051.7969 10.385
5053.4381 10.397
5055.0794 10.405
5056.7207 10.406
5058.3620 10.400
5060.0033 10.390
5061.6446 10.381
5063.2858 10.378
5064.9271 10.380
5066.5684 10.385
5068.2097 10.388
5069.8510 10.392
5071.4923 10.399
5073.1335 10.403
5074.7748 10.403
5076.4161 10.403
5078.0574 10.404
5079.6987 10.401
5081.3400 10.394
5082.9813 10.389
5084.6225 10.386
5086.2638 10.388
5087.9051 10.392
5089.5464 10.394
5091.1877 10.390
5092.8290 10.389
5094.4702 10.395
5096.1115 10.403
5097.7528 10.406
5099.3941 10.406
5101.0354 10.409
5102.6767 10.412
5104.3180 10.410
5105.9592 10.407
5107.6005 10.403
5109.2418 10.403
5110.8831 10.408
5112.5244 10.414
5114.1657 10.416
5115.8069 10.410
5117.4482 10.404
5119.0895 10.405
5120.7308 10.414
5122.3721 10.420
5124.0134 10.418
5125.6546 10.412
5127.2959 10.409
5128.9372 10.411
5130.5785 10.413
5132.2198 10.414
5133.8611 10.416
5135.5024 10.420
5137.1436 10.422
5138.7849 10.418
5140.4262 10.415
5142.0675 10.416
5143.7088 10.420
5145.3501 10.420
5146.9913 10.421
5148.6326 10.425
5150.2739 10.429
5151.9152 10.429
5153.5565 10.424
5155.1978 10.417
5156.8390 10.411
5158.4803 10.411
5160.1216 10.417
5161.7629 10.423
5163.4042 10.426
5165.0455 10.429
5166.6868 10.432
5168.3280 10.436
5169.9693 10.437
5171.6106 10.436
5173.2519 10.433
5174.8932 10.426
5176.5345 10.422
5178.1757 10.418
5179.8170 10.411
5181.4583 10.405
5183.0996 10.407
5184.7409 10.414
5186.3822 10.425
5188.0234 10.434
5189.6647 10.436
5191.3060 10.426
5192.9473 10.415
5194.5886 10.415
5196.2299 10.422
5197.8712 10.429
5199.5124 10.432
5201.1537 10.435
5202.7950 10.441
5204.4363 10.443
5206.0776 10.436
5207.7189 10.426
5209.3601 10.424
5211.0014 10.428
5212.6427 10.434
5214.2840 10.439
5215.9253 10.443
5217.5666 10.445
5219.2079 10.443
5220.8491 10.439
5222.4904 10.436
5224.1317 10.432
5225.7730 10.432
5227.4143 10.436
5229.0556 10.443
5230.6968 10.450
5232.3381 10.454
5233.9794 10.454
5235.6207 10.453
5237.2620 10.451
5238.9033 10.442
5240.5445 10.433
5242.1858 10.431
5243.8271 10.438
5245.4684 10.449
5247.1097 10.453
5248.7510 10.447
5250.3923 10.441
5252.0335 10.441
5253.6748 10.448
5255.3161 10.451
5256.9574 10.452
5258.5987 10.455
5260.2400 10.460
5261.8812 10.463
5263.5225 10.465
5265.1638 10.461
5266.8051 10.451
5268.4464 10.443
5270.0877 10.445
5271.7289 10.450
5273.3702 10.446
5275.0115 10.436
5276.6528 10.430
5278.2941 10.434
5279.9354 10.443
5281.5767 10.448
5283.2179 10.445
5284.8592 10.442
5286.5005 10.439
5288.1418 10.441
5289.7831 10.448
5291.4244 10.455
5293.0656 10.458
5294.7069 10.455
5296.3482 10.451
5297.9895 10.452
5299.6308 10.455
5301.2721 10.456
5302.9134 10.454
5304.5546 10.456
5306.1959 10.461
5307.8372 10.466
5309.4785 10.464
5311.1198 10.458
5312.7611 10.459
5314.4023 10.465
5316.0436 10.468
5317.6849 10.470
5319.3262 10.470
5320.9675 10.466
5322.6088 10.464
5324.2500 10.467
5325.8913 10.476
5327.5326 10.483
5329.1739 10.483
5330.8152 10.483
5332.4565 10.483
5334.0978 10.480
5335.7390 10.475
5337.3803 10.474
5339.0216 10.479
5340.6629 10.483
5342.3042 10.482
5343.9455 10.480
5345.5867 10.484
5347.2280 10.492
5348.8693 10.492
5350.5106 10.484
5352.1519 10.472
5353.7932 10.464
5355.4344 10.462
5357.0757 10.467
5358.7170 10.474
5360.3583 10.476
5361.9996 10.474
5363.6409 10.475
5365.2822 10.477
5366.9234 10.482
5368.5647 10.488
5370.2060 10.491
5371.8473 10.493
5373.4886 10.497
5375.1299 10.498
5376.7711 10.493
5378.4124 10.488
5380.0537 10.493
5381.6950 10.502
5383.3363 10.503
5384.9776 10.501
5386.6188 10.504
5388.2601 10.505
5389.9014 10.503
5391.5427 10.503
5393.1840 10.503
5394.8253 10.501
5396.4666 10.500
5398.1078 10.505
5399.7491 10.515
5401.3904 10.524
5403.0317 10.538
5404.6730 10.557
5406.3143 10.575
5407.9555 10.582
5409.5968 10.584
5411.2381 10.582
5412.8794 10.573
5414.5207 10.557
5416.1620 10.544
5417.8033 10.537
5419.4445 10.532
5421.0858 10.526
5422.7271 10.517
5424.3684 10.511
5426.0097 10.515
5427.6510 10.523
5429.2922 10.524
5430.9335 10.515
5432.5748 10.508
5434.2161 10.508
5435.8574 10.511
5437.4987 10.514
5439.1399 10.516
5440.7812 10.516
5442.4225 10.517
5444.0638 10.518
5445.7051 10.517
5447.3464 10.516
5448.9877 10.511
5450.6289 10.508
5452.2702 10.511
5453.9115 10.518
5455.5528 10.523
5457.1941 10.523
5458.8354 10.520
5460.4766 10.517
5462.1179 10.513
5463.7592 10.514
5465.4005 10.518
5467.0418 10.519
5468.6831 10.517
5470.3243 10.522
5471.9656 10.534
5473.6069 10.545
5475.2482 10.543
5476.8895 10.532
5478.5308 10.526
5480.1721 10.527
5481.8133 10.533
5483.4546 10.538
5485.0959 10.540
5486.7372 10.535
5488.3785 10.532
5490.0198 10.535
5491.6610 10.540
5493.3023 10.538
5494.9436 10.528
5496.5849 10.522
5498.2262 10.524
5499.8675 10.534
5501.5088 10.543
5503.1500 10.544
5504.7913 10.543
5506.4326 10.542
5508.0739 10.538
5509.7152 10.533
5511.3565 10.531
5512.9977 10.528
5514.6390 10.521
5516.2803 10.513
5517.9216 10.513
5519.5629 10.521
5521.2042 10.528
5522.8454 10.533
5524.4867 10.538
5526.1280 10.542
5527.7693 10.544
5529.4106 10.548
5531.0519 10.552
5532.6932 10.552
5534.3344 10.552
5535.9757 10.556
5537.6170 10.559
5539.2583 10.558
5540.8996 10.552
5542.5409 10.547
5544.1821 10.544
5545.8234 10.543
5547.4647 10.545
5549.1060 10.551
5550.7473 10.561
5552.3886 10.572
5554.0298 10.578
5555.6711 10.574
5557.3124 10.567
5558.9537 10.566
5560.5950 10.563
5562.2363 10.556
5563.8776 10.554
5565.5188 10.562
5567.1601 10.566
5568.8014 10.562
5570.4427 10.554
5572.0840 10.546
5573.7253 10.546
5575.3665 10.556
5577.0078 10.568
5578.6491 10.571
5580.2904 10.557
5581.9317 10.543
5583.5730 10.545
5585.2143 10.559
5586.8555 10.573
5588.4968 10.582
5590.1381 10.584
5591.7794 10.580
5593.4207 10.577
5595.0620 10.582
5596.7032 10.589
5598.3445 10.593
5599.9858 10.594
5601.6271 10.595
5603.2684 10.598
5604.9097 10.598
5606.5509 10.594
5608.1922 10.590
5609.8335 10.591
5611.4748 10.595
5613.1161 10.596
5614.7574 10.594
5616.3987 10.590
5618.0399 10.584
5619.6812 10.583
5621.3225 10.588
5622.9638 10.593
5624.6051 10.597
5626.2464 10.598
5627.8876 10.602
5629.5289 10.602
5631.1702 10.600
5632.8115 10.600
5634.4528 10.598
5636.0941 10.609
5637.7353 10.621
5639.3766 10.622
5641.0179 10.620
5642.6592 10.615
5644.3005 10.612
5645.9418 10.612
5647.5831 10.613
5649.2243 10.612
5650.8656 10.611
5652.5069 10.612
5654.1482 10.613
5655.7895 10.614
5657.4308 10.615
5659.0720 10.617
5660.7133 10.616
5662.3546 10.616
5663.9959 10.618
5665.6372 10.618
5667.2785 10.619
5668.9197 10.622
5670.5610 10.624
5672.2023 10.630
5673.8436 10.633
5675.4849 10.633
5677.1262 10.635
5678.7675 10.640
5680.4087 10.644
5682.0500 10.643
5683.6913 10.641
5685.3326 10.641
5686.9739 10.643
5688.6152 10.649
5690.2564 10.651
5691.8977 10.649
5693.5390 10.644
5695.1803 10.642
5696.8216 10.648
5698.4629 10.650
5700.1042 10.646
5701.7454 10.641
5703.3867 10.638
5705.0280 10.639
5706.6693 10.640
5708.3106 10.642
5709.9519 10.646
5711.5931 10.646
5713.2344 10.650
5714.8757 10.652
5716.5170 10.650
5718.1583 10.647
5719.7996 10.643
5721.4408 10.642
5723.0821 10.639
5724.7234 10.636
5726.3647 10.637
5728.0060 10.642
5729.6473 10.647
5731.2886 10.647
5732.9298 10.643
5734.5711 10.640
5736.2124 10.641
5737.8537 10.645
5739.4950 10.649
5741.1363 10.650
5742.7775 10.652
5744.4188 10.654
5746.0601 10.658
5747.7014 10.662
5749.3427 10.663
5750.9840 10.665
5752.6252 10.665
5754.2665 10.663
5755.9078 10.660
5757.5491 10.654
5759.1904 10.650
5760.8317 10.647
5762.4730 10.647
5764.1142 10.650
5765.7555 10.655
5767.3968 10.662
5769.0381 10.668
5770.6794 10.671
5772.3207 10.674
5773.9619 10.677
5775.6032 10.678
5777.2445 10.675
5778.8858 10.672
5780.5271 10.672
5782.1684 10.671
5783.8097 10.669
5785.4509 10.667
5787.0922 10.669
5788.7335 10.674
5790.3748 10.672
5792.0161 10.666
5793.6574 10.660
5795.2986 10.659
5796.9399 10.658
5798.5812 10.656
5800.2225 10.655
5801.8638 10.656
5803.5051 10.660
5805.1463 10.662
5806.7876 10.661
5808.4289 10.661
5810.0702 10.664
5811.7115 10.670
5813.3528 10.673
5814.9941 10.675
5816.6353 10.678
5818.2766 10.683
5819.9179 10.685
5821.5592 10.685
5823.2005 10.685
5824.8418 10.684
5826.4830 10.678
5828.1243 10.672
5829.7656 10.671
5831.4069 10.673
5833.0482 10.674
5834.6895 10.673
5836.3307 10.679
5837.9720 10.688
5839.6133 10.692
5841.2546 10.691
5842.8959 10.686
5844.5372 10.679
5846.1785 10.674
5847.8197 10.671
5849.4610 10.670
5851.1023 10.673
5852.7436 10.675
5854.3849 10.674
5856.0262 10.672
5857.6674 10.672
5859.3087 10.675
5860.9500 10.682
5862.5913 10.690
5864.2326 10.692
5865.8739 10.692
5867.5151 10.691
5869.1564 10.694
5870.7977 10.696
5872.4390 10.694
5874.0803 10.693
5875.7216 10.695
5877.3629 10.698
5879.0041 10.701
5880.6454 10.702
5882.2867 10.706
5883.9280 10.711
5885.5693 10.715
5887.2106 10.715
5888.8518 10.712
5890.4931 10.708
5892.1344 10.707
5893.7757 10.709
5895.4170 10.714
5897.0583 10.720
5898.6996 10.724
5900.3408 10.724
5901.9821 10.721
5903.6234 10.718
5905.2647 10.714
5906.9060 10.713
5908.5473 10.710
5910.1885 10.706
5911.8298 10.707
5913.4711 10.712
5915.1124 10.717
5916.7537 10.719
5918.3950 10.720
5920.0362 10.717
5921.6775 10.710
5923.3188 10.704
5924.9601 10.707
5926.6014 10.717
5928.2427 10.716
5929.8840 10.739
5931.5252 10.747
5933.1665 10.736
5934.8078 10.739
5936.4491 10.743
5938.0904 10.749
5939.7317 10.752
5941.3729 10.754
5943.0142 10.757
5944.6555 10.757
5946.2968 10.751
5947.9381 10.740
5949.5794 10.729
5951.2206 10.729
5952.8619 10.734
5954.5032 10.742
5956.1445 10.746
5957.7858 10.741
5959.4271 10.740
5961.0684 10.739
5962.7096 10.739
5964.3509 10.740
5965.9922 10.743
5967.6335 10.752
5969.2748 10.762
5970.9161 10.769
5972.5573 10.770
5974.1986 10.763
5975.8399 10.759
5977.4812 10.758
5979.1225 10.758
5980.7638 10.755
5982.4051 10.750
5984.0463 10.747
5985.6876 10.748
5987.3289 10.750
5988.9702 10.753
5990.6115 10.754
5992.2528 10.764
5993.8940 10.772
5995.5353 10.771
5997.1766 10.766
5998.8179 10.756
6000.4592 10.757
6002.1005 10.764
6003.7417 10.769
6005.3830 10.771
6007.0243 10.770
6008.6656 10.769
6010.3069 10.764
6011.9482 10.754
6013.5895 10.751
6015.2307 10.755
6016.8720 10.764
6018.5133 10.773
6020.1546 10.776
6021.7959 10.774
6023.4372 10.769
6025.0784 10.764
6026.7197 10.759
6028.3610 10.753
6030.0023 10.745
6031.6436 10.740
6033.2849 10.743
6034.9261 10.754
6036.5674 10.761
6038.2087 10.762
6039.8500 10.760
6041.4913 10.759
6043.1326 10.763
6044.7739 10.771
6046.4151 10.775
6048.0564 10.772
6049.6977 10.765
6051.3390 10.756
6052.9803 10.751
6054.6216 10.752
6056.2628 10.758
6057.9041 10.764
6059.5454 10.773
6061.1867 10.788
6062.8280 10.800
6064.4693 10.803
6066.1106 10.798
6067.7518 10.789
6069.3931 10.780
6071.0344 10.776
6072.6757 10.777
6074.3170 10.779
6075.9583 10.780
6077.5995 10.774
6079.2408 10.768
6080.8821 10.767
6082.5234 10.769
6084.1647 10.771
6085.8060 10.771
6087.4472 10.772
6089.0885 10.777
6090.7298 10.781
6092.3711 10.784
6094.0124 10.786
6095.6537 10.788
6097.2950 10.791
6098.9362 10.792
6100.5775 10.791
6102.2188 10.789
6103.8601 10.788
6105.5014 10.787
6107.1427 10.785
6108.7839 10.779
6110.4252 10.770
6112.0665 10.758
6113.7078 10.749
6115.3491 10.759
6116.9904 10.772
6118.6316 10.779
6120.2729 10.781
6121.9142 10.778
6123.5555 10.777
6125.1968 10.779
6126.8381 10.781
6128.4794 10.784
6130.1206 10.786
6131.7619 10.788
6133.4032 10.794
6135.0445 10.805
6136.6858 10.810
6138.3271 10.807
6139.9683 10.799
6141.6096 10.795
6143.2509 10.797
6144.8922 10.799
6146.5335 10.800
6148.1748 10.795
6149.8160 10.790
6151.4573 10.790
6153.0986 10.795
6154.7399 10.803
6156.3812 10.814
6158.0225 10.819
6159.6638 10.811
6161.3050 10.808
6162.9463 10.809
6164.5876 10.815
6166.2289 10.821
6167.8702 10.821
6169.5115 10.819
6171.1527 10.817
6172.7940 10.816
6174.4353 10.818
6176.0766 10.824
6177.7179 10.826
6179.3592 10.823
6181.0005 10.818
6182.6417 10.814
6184.2830 10.818
6185.9243 10.819
6187.5656 10.819
6189.2069 10.819
6190.8482 10.821
6192.4894 10.825
6194.1307 10.831
6195.7720 10.837
6197.4133 10.842
6199.0546 10.844
6200.6959 10.839
6202.3371 10.834
6203.9784 10.830
6205.6197 10.826
6207.2610 10.822
6208.9023 10.816
6210.5436 10.812
6212.1849 10.813
6213.8261 10.814
6215.4674 10.816
6217.1087 10.821
6218.7500 10.827
6220.3913 10.830
6222.0326 10.830
6223.6738 10.828
6225.3151 10.828
6226.9564 10.828
6228.5977 10.830
6230.2390 10.832
6231.8803 10.836
6233.5215 10.839
6235.1628 10.838
6236.8041 10.831
6238.4454 10.828
6240.0867 10.824
6241.7280 10.819
6243.3693 10.816
6245.0105 10.822
6246.6518 10.830
6248.2931 10.835
6249.9344 10.833
6251.5757 10.831
6253.2170 10.839
6254.8582 10.847
6256.4995 10.853
6258.1408 10.856
6259.7821 10.860
6261.4234 10.864
6263.0647 10.862
6264.7060 10.858
6266.3472 10.855
6267.9885 10.853
6269.6298 10.853
6271.2711 10.855
6272.9124 10.861
6274.5537 10.872
6276.1949 10.882
6277.8362 10.890
6279.4775 10.896
6281.1188 10.899
6282.7601 10.897
6284.4014 10.891
6286.0426 10.879
6287.6839 10.875
6289.3252 10.878
6290.9665 10.883
6292.6078 10.887
6294.2491 10.890
6295.8904 10.889
6297.5316 10.885
6299.1729 10.880
6300.8142 10.881
6302.4555 10.887
6304.0968 10.891
6305.7381 10.889
6307.3793 10.885
6309.0206 10.884
6310.6619 10.886
6312.3032 10.885
6313.9445 10.882
6315.5858 10.885
6317.2270 10.887
6318.8683 10.888
6320.5096 10.886
6322.1509 10.881
6323.7922 10.878
6325.4335 10.873
6327.0748 10.868
6328.7160 10.866
6330.3573 10.868
6331.9986 10.875
6333.6399 10.881
6335.2812 10.885
6336.9225 10.888
6338.5637 10.891
6340.2050 10.894
6341.8463 10.895
6343.4876 10.893
6345.1289 10.889
6346.7702 10.885
6348.4114 10.885
6350.0527 10.887
6351.6940 10.887
6353.3353 10.885
6354.9766 10.880
6356.6179 10.872
6358.2592 10.870
6359.9004 10.877
6361.5417 10.884
6363.1830 10.889
6364.8243 10.893
6366.4656 10.893
6368.1069 10.886
6369.7481 10.878
6371.3894 10.872
6373.0307 10.876
6374.6720 10.882
6376.3133 10.881
6377.9546 10.879
6379.5959 10.876
6381.2371 10.875
6382.8784 10.874
6384.5197 10.872
6386.1610 10.879
6387.8023 10.890
6389.4436 10.900
6391.0848 10.903
6392.7261 10.899
6394.3674 10.892
6396.0087 10.885
6397.6500 10.881
6399.2913 10.881
6400.9325 10.889
6402.5738 10.892
6404.2151 10.888
6405.8564 10.880
6407.4977 10.871
6409.1390 10.868
6410.7803 10.868
6412.4215 10.868
6414.0628 10.868
6415.7041 10.868
6417.3454 10.867
6418.9867 10.866
6420.6280 10.868
6422.2692 10.877
6423.9105 10.886
6425.5518 10.890
6427.1931 10.893
6428.8344 10.894
6430.4757 10.894
6432.1169 10.894
6433.7582 10.891
6435.3995 10.895
6437.0408 10.903
6438.6821 10.905
6440.3234 10.905
6441.9647 10.904
6443.6059 10.905
6445.2472 10.905
6446.8885 10.902
6448.5298 10.902
6450.1711 10.907
6451.8124 10.914
6453.4536 10.918
6455.0949 10.915
6456.7362 10.914
6458.3775 10.915
6460.0188 10.911
6461.6601 10.902
6463.3014 10.899
6464.9426 10.906
6466.5839 10.919
6468.2252 10.932
6469.8665 10.940
6471.5078 10.937
6473.1491 10.932
6474.7903 10.930
6476.4316 10.929
6478.0729 10.931
6479.7142 10.935
6481.3555 10.937
6482.9968 10.936
6484.6380 10.933
6486.2793 10.929
6487.9206 10.926
6489.5619 10.924
6491.2032 10.925
6492.8445 10.931
6494.4858 10.942
6496.1270 10.946
6497.7683 10.944
6499.4096 10.939
6501.0509 10.935
6502.6922 10.932
6504.3335 10.924
6505.9747 10.915
6507.6160 10.911
6509.2573 10.909
6510.8986 10.908
6512.5399 10.911
6514.1812 10.917
6515.8224 10.924
6517.4637 10.929
6519.1050 10.930
6520.7463 10.932
6522.3876 10.932
6524.0289 10.930
6525.6702 10.927
6527.3114 10.925
6528.9527 10.931
6530.5940 10.942
6532.2353 10.946
6533.8766 10.946
6535.5179 10.945
6537.1591 10.947
6538.8004 10.953
6540.4417 10.960
6542.0830 10.964
6543.7243 10.967
6545.3656 10.969
6547.0069 10.973
6548.6481 10.982
6550.2894 11.002
6551.9307 11.026
6553.5720 11.048
6555.2133 11.067
6556.8546 11.078
6558.4958 11.079
6560.1371 11.076
6561.7784 11.071
6563.4197 11.067
6565.0610 11.069
6566.7023 11.068
6568.3435 11.062
6569.9848 11.054
6571.6261 11.045
6573.2674 11.035
6574.9087 11.021
6576.5500 11.005
6578.1913 10.992
6579.8325 10.981
6581.4738 10.972
6583.1151 10.964
6584.7564 10.960
6586.3977 10.961
6588.0390 10.962
6589.6802 10.959
6591.3215 10.953
6592.9628 10.947
6594.6041 10.946
6596.2454 10.944
6597.8867 10.939
6599.5279 10.936
6601.1692 10.940
6602.8105 10.945
6604.4518 10.946
6606.0931 10.944
6607.7344 10.943
6609.3757 10.948
6611.0169 10.946
6612.6582 10.947
6614.2995 10.953
6615.9408 10.959
6617.5821 10.961
6619.2234 10.940
6620.8646 10.923
6622.5059 10.920
6624.1472 10.927
6625.7885 10.941
6627.4298 10.946
6629.0711 10.947
6630.7123 10.949
6632.3536 10.949
6633.9949 10.944
6635.6362 10.941
6637.2775 10.938
6638.9188 10.934
6640.5601 10.928
6642.2013 10.922
6643.8426 10.928
6645.4839 10.937
6647.1252 10.939
6648.7665 10.936
6650.4078 10.931
6652.0490 10.929
6653.6903 10.930
6655.3316 10.929
6656.9729 10.933
6658.6142 10.940
6660.2555 10.945
6661.8968 10.944
6663.5380 10.940
6665.1793 10.944
6666.8206 10.953
6668.4619 10.959
6670.1032 10.958
6671.7445 10.951
6673.3857 10.944
6675.0270 10.937
6676.6683 10.928
6678.3096 10.921
6679.9509 10.927
6681.5922 10.937
6683.2334 10.947
6684.8747 10.955
6686.5160 10.960
6688.1573 10.959
6689.7986 10.955
6691.4399 10.950
6693.0812 10.945
6694.7224 10.941
6696.3637 10.937
6698.0050 10.936
6699.6463 10.937
6701.2876 10.940
6702.9289 10.942
6704.5701 10.937
6706.2114 10.929
6707.8527 10.926
6709.4940 10.928
6711.1353 10.933
6712.7766 10.933
6714.4178 10.933
6716.0591 10.935
6717.7004 10.935
6719.3417 10.934
6720.9830 10.931
6722.6243 10.936
6724.2656 10.953
6725.9068 10.962
6727.5481 10.965
6729.1894 10.961
6730.8307 10.957
6732.4720 10.956
6734.1133 10.950
6735.7545 10.943
6737.3958 10.941
6739.0371 10.943
6740.6784 10.947
6742.3197 10.943
6743.9610 10.940
6745.6023 10.943
6747.2435 10.947
6748.8848 10.949
6750.5261 10.950
6752.1674 10.953
6753.8087 10.957
6755.4500 10.960
6757.0912 10.956
6758.7325 10.951
6760.3738 10.948
6762.0151 10.950
6763.6564 10.955
6765.2977 10.961
6766.9389 10.968
6768.5802 10.970
6770.2215 10.964
6771.8628 10.956
6773.5041 10.948
6775.1454 10.943
6776.7867 10.941
6778.4279 10.941
6780.0692 10.945
6781.7105 10.953
6783.3518 10.953
6784.9931 10.946
6786.6344 10.940
6788.2756 10.934
6789.9169 10.929
6791.5582 10.920
6793.1995 10.916
6794.8408 10.923
6796.4821 10.930
6798.1233 10.934
6799.7646 10.933
6801.4059 10.934
6803.0472 10.941
6804.6885 10.947
6806.3298 10.950
6807.9711 10.950
6809.6123 10.950
6811.2536 10.951
6812.8949 10.952
6814.5362 10.953
6816.1775 10.956
6817.8188 10.960
6819.4600 10.960
6821.1013 10.953
6822.7426 10.944
6824.3839 10.937
6826.0252 10.934
6827.6665 10.935
6829.3077 10.939
6830.9490 10.944
6832.5903 10.951
6834.2316 10.957
6835.8729 10.956
6837.5142 10.958
6839.1555 10.963
6840.7967 10.966
6842.4380 10.966
6844.0793 10.966
6845.7206 10.969
6847.3619 10.974
6849.0032 10.974
6850.6444 10.972
6852.2857 10.973
6853.9270 10.978
6855.5683 10.987
6857.2096 10.996
6858.8509 11.006
6860.4922 11.019
6862.1334 11.047
6863.7747 11.095
6865.4160 11.151
6867.0573 11.207
6868.6986 11.254
6870.3399 11.268
6871.9811 11.245
6873.6224 11.218
6875.2637 11.184
6876.9050 11.143
6878.5463 11.105
6880.1876 11.082
6881.8288 11.079
6883.4701 11.085
6885.1114 11.094
6886.7527 11.102
6888.3940 11.110
6890.0353 11.118
6891.6766 11.122
6893.3178 11.121
6894.9591 11.115
6896.6004 11.108
6898.2417 11.103
6899.8830 11.099
6901.5243 11.097
6903.1655 11.096
6904.8068 11.096
6906.4481 11.090
6908.0894 11.079
6909.7307 11.066
6911.3720 11.053
6913.0132 11.045
6914.6545 11.037
6916.2958 11.031
6917.9371 11.026
6919.5784 11.019
6921.2197 11.010
6922.8610 11.001
6924.5022 10.997
6926.1435 11.003
6927.7848 11.012
6929.4261 11.021
6931.0674 11.023
6932.7087 11.020
6934.3499 11.022
6935.9912 11.025
6937.6325 11.029
6939.2738 11.032
6940.9151 11.033
6942.5564 11.029
6944.1977 11.026
6945.8389 11.024
6947.4802 11.024
6949.1215 11.022
6950.7628 11.017
6952.4041 11.012
6954.0454 11.010
6955.6866 11.012
6957.3279 11.017
6958.9692 11.010
6960.6105 10.999
6962.2518 10.986
6963.8931 10.976
6965.5343 10.973
6967.1756 10.977
6968.8169 10.983
6970.4582 10.988
6972.0995 10.989
6973.7408 10.987
6975.3821 10.989
6977.0233 10.996
6978.6646 11.006
6980.3059 11.016
6981.9472 11.025
6983.5885 11.034
6985.2298 11.040
6986.8710 11.045
6988.5123 11.052
6990.1536 11.059
6991.7949 11.059
6993.4362 11.049
6995.0775 11.038
6996.7187 11.033
6998.3600 11.033
7000.0013 11.034
7001.6426 11.032
7003.2839 11.029
7004.9252 11.029
7006.5665 11.031
7008.2077 11.033
7009.8490 11.034
7011.4903 11.036
7013.1316 11.041
7014.7729 11.046
7016.4142 11.051
7018.0554 11.052
7019.6967 11.047
7021.3380 11.038
7022.9793 11.028
7024.6206 11.024
7026.2619 11.028
7027.9031 11.036
7029.5444 11.037
7031.1857 11.034
7032.8270 11.033
7034.4683 11.036
7036.1096 11.041
7037.7509 11.043
7039.3921 11.041
7041.0334 11.038
7042.6747 11.035
7044.3160 11.030
7045.9573 11.031
7047.5986 11.035
7049.2398 11.039
7050.8811 11.038
7052.5224 11.026
7054.1637 11.021
7055.8050 11.022
7057.4463 11.025
7059.0876 11.028
7060.7288 11.029
7062.3701 11.031
7064.0114 11.032
7065.6527 11.031
7067.2940 11.029
7068.9353 11.030
7070.5765 11.035
7072.2178 11.042
7073.8591 11.045
7075.5004 11.046
7077.1417 11.044
7078.7830 11.041
7080.4242 11.037
7082.0655 11.033
7083.7068 11.028
7085.3481 11.022
7086.9894 11.019
7088.6307 11.021
7090.2720 11.029
7091.9132 11.036
7093.5545 11.040
7095.1958 11.042
7096.8371 11.045
7098.4784 11.046
7100.1197 11.045
7101.7609 11.041
7103.4022 11.039
7105.0435 11.041
7106.6848 11.038
7108.3261 11.031
7109.9674 11.024
7111.6086 11.023
7113.2499 11.033
7114.8912 11.046
7116.5325 11.054
7118.1738 11.056
7119.8151 11.056
7121.4564 11.056
7123.0976 11.056
7124.7389 11.056
7126.3802 11.054
7128.0215 11.049
7129.6628 11.040
7131.3041 11.030
7132.9453 11.028
7134.5866 11.037
7136.2279 11.047
7137.8692 11.055
7139.5105 11.058
7141.1518 11.058
7142.7931 11.061
7144.4343 11.063
7146.0756 11.065
7147.7169 11.069
7149.3582 11.073
7150.9995 11.073
7152.6408 11.068
7154.2820 11.061
7155.9233 11.061
7157.5646 11.066
7159.2059 11.072
7160.8472 11.080
7162.4885 11.093
7164.1297 11.115
7165.7710 11.143
7167.4123 11.164
7169.0536 11.187
7170.6949 11.207
7172.3362 11.221
7173.9775 11.225
7175.6187 11.221
7177.2600 11.227
7178.9013 11.240
7180.5426 11.255
7182.1839 11.267
7183.8252 11.274
7185.4664 11.277
7187.1077 11.276
7188.7490 11.270
7190.3903 11.260
7192.0316 11.257
7193.6729 11.256
7195.3141 11.256
7196.9554 11.257
7198.5967 11.259
7200.2380 11.259
7201.8793 11.251
7203.5206 11.237
7205.1619 11.222
7206.8031 11.203
7208.4444 11.176
7210.0857 11.156
7211.7270 11.148
7213.3683 11.147
7215.0096 11.147
7216.6508 11.136
7218.2921 11.126
7219.9334 11.125
7221.5747 11.126
7223.2160 11.128
7224.8573 11.126
7226.4986 11.134
7228.1398 11.158
7229.7811 11.184
7231.4224 11.204
7233.0637 11.212
7234.7050 11.210
7236.3463 11.207
7237.9875 11.210
7239.6288 11.215
7241.2701 11.219
7242.9114 11.215
7244.5527 11.201
7246.1940 11.194
7247.8352 11.197
7249.4765 11.206
7251.1178 11.214
7252.7591 11.211
7254.4004 11.203
7256.0417 11.199
7257.6830 11.201
7259.3242 11.207
7260.9655 11.217
7262.6068 11.223
7264.2481 11.223
7265.8894 11.220
7267.5307 11.217
7269.1719 11.217
7270.8132 11.221
7272.4545 11.223
7274.0958 11.219
7275.7371 11.212
7277.3784 11.203
7279.0196 11.183
7280.6609 11.161
7282.3022 11.146
7283.9435 11.145
7285.5848 11.159
7287.2261 11.184
7288.8674 11.207
7290.5086 11.216
7292.1499 11.217
7293.7912 11.209
7295.4325 11.196
7297.0738 11.186
7298.7151 11.186
7300.3563 11.187
7301.9976 11.189
7303.6389 11.193
7305.2802 11.199
7306.9215 11.203
7308.5628 11.198
7310.2040 11.187
7311.8453 11.178
7313.4866 11.175
7315.1279 11.173
7316.7692 11.168
7318.4105 11.158
7320.0518 11.149
7321.6930 11.140
7323.3343 11.134
7324.9756 11.127
7326.6169 11.123
7328.2582 11.123
7329.8995 11.128
7331.5407 11.134
7333.1820 11.138
7334.8233 11.140
7336.4646 11.138
7338.1059 11.137
7339.7472 11.140
7341.3885 11.143
7343.0297 11.144
7344.6710 11.144
7346.3123 11.143
7347.9536 11.145
7349.5949 11.144
7351.2362 11.140
7352.8774 11.140
7354.5187 11.142
7356.1600 11.147
7357.8013 11.145
7359.4426 11.135
7361.0839 11.130
7362.7251 11.131
7364.3664 11.141
7366.0077 11.153
7367.6490 11.159
7369.2903 11.162
7370.9316 11.163
7372.5729 11.161
7374.2141 11.157
7375.8554 11.152
7377.4967 11.147
7379.1380 11.142
7380.7793 11.134
7382.4206 11.126
7384.0618 11.125
7385.7031 11.127
7387.3444 11.133
7388.9857 11.141
7390.6270 11.147
7392.2683 11.145
7393.9095 11.141
7395.5508 11.136
7397.1921 11.133
7398.8334 11.130
7400.4747 11.122
7402.1160 11.121
7403.7573 11.125
7405.3985 11.132
7407.0398 11.141
7408.6811 11.147
7410.3224 11.150
7411.9637 11.149
7413.6050 11.144
7415.2462 11.137
7416.8875 11.128
7418.5288 11.131
7420.1701 11.141
7421.8114 11.151
7423.4527 11.158
7425.0940 11.160
7426.7352 11.151
7428.3765 11.136
7430.0178 11.125
7431.6591 11.121
7433.3004 11.128
7434.9417 11.137
7436.5829 11.141
7438.2242 11.142
7439.8655 11.145
7441.5068 11.149
7443.1481 11.154
7444.7894 11.156
7446.4306 11.153
7448.0719 11.148
7449.7132 11.141
7451.3545 11.138
7452.9958 11.140
7454.6371 11.150
7456.2784 11.158
7457.9196 11.163
7459.5609 11.162
7461.2022 11.153
7462.8435 11.144
7464.4848 11.140
7466.1261 11.143
7467.7673 11.149
7469.4086 11.153
7471.0499 11.148
7472.6912 11.142
7474.3325 11.140
7475.9738 11.145
7477.6150 11.156
7479.2563 11.167
7480.8976 11.178
7482.5389 11.189
7484.1802 11.196
7485.8215 11.197
7487.4628 11.190
7489.1040 11.182
7490.7453 11.176
7492.3866 11.173
7494.0279 11.171
7495.6692 11.163
7497.3105 11.148
7498.9517 11.133
7500.5930 11.122
7502.2343 11.115
7503.8756 11.109
7505.5169 11.106
7507.1582 11.110
7508.7994 11.118
7510.4407 11.128
7512.0820 11.136
7513.7233 11.137
7515.3646 11.130
7517.0059 11.122
7518.6472 11.117
7520.2884 11.119
7521.9297 11.134
7523.5710 11.160
7525.2123 11.178
7526.8536 11.187
7528.4949 11.185
7530.1361 11.175
7531.7774 11.162
7533.4187 11.154
7535.0600 11.152
7536.7013 11.155
7538.3426 11.161
7539.9839 11.165
7541.6251 11.170
7543.2664 11.174
7544.9077 11.178
7546.5490 11.178
7548.1903 11.166
7549.8316 11.155
7551.4728 11.151
7553.1141 11.155
7554.7554 11.163
7556.3967 11.173
7558.0380 11.173
7559.6793 11.165
7561.3205 11.155
7562.9618 11.144
7564.6031 11.135
7566.2444 11.136
7567.8857 11.148
7569.5270 11.164
7571.1683 11.176
7572.8095 11.172
7574.4508 11.160
7576.0921 11.158
7577.7334 11.170
7579.3747 11.185
7581.0160 11.193
7582.6572 11.199
7584.2985 11.213
7585.9398 11.238
7587.5811 11.278
7589.2224 11.332
7590.8637 11.412
7592.5049 11.534
7594.1462 11.697
7595.7875 11.873
7597.4288 12.047
7599.0701 12.199
7600.7114 12.308
7602.3527 12.381
7603.9939 12.421
7605.6352 12.426
7607.2765 12.388
7608.9178 12.299
7610.5591 12.169
7612.2004 12.021
7613.8416 11.873
7615.4829 11.741
7617.1242 11.646
7618.7655 11.631
7620.4068 11.666
7622.0481 11.724
7623.6894 11.791
7625.3306 11.847
7626.9719 11.859
7628.6132 11.847
7630.2545 11.832
7631.8958 11.816
7633.5371 11.804
7635.1783 11.782
7636.8196 11.761
7638.4609 11.744
7640.1022 11.721
7641.7435 11.689
7643.3848 11.648
7645.0260 11.612
7646.6673 11.588
7648.3086 11.569
7649.9499 11.555
7651.5912 11.542
7653.2325 11.522
7654.8738 11.486
7656.5150 11.444
7658.1563 11.399
7659.7976 11.358
7661.4389 11.326
7663.0802 11.304
7664.7215 11.290
7666.3627 11.282
7668.0040 11.281
7669.6453 11.279
7671.2866 11.265
7672.9279 11.252
7674.5692 11.243
7676.2104 11.239
7677.8517 11.239
7679.4930 11.233
7681.1343 11.221
7682.7756 11.206
7684.4169 11.194
7686.0582 11.190
7687.6994 11.199
7689.3407 11.206
7690.9820 11.208
7692.6233 11.206
7694.2646 11.200
7695.9059 11.192
7697.5471 11.185
7699.1884 11.182
7700.8297 11.182
7702.4710 11.185
7704.1123 11.190
7705.7536 11.195
7707.3949 11.198
7709.0361 11.193
7710.6774 11.183
7712.3187 11.172
7713.9600 11.164
7715.6013 11.160
7717.2426 11.157
7718.8838 11.156
7720.5251 11.161
7722.1664 11.167
7723.8077 11.168
7725.4490 11.166
7727.0903 11.164
7728.7315 11.162
7730.3728 11.165
7732.0141 11.171
7733.6554 11.181
7735.2967 11.189
7736.9380 11.193
7738.5793 11.184
7740.2205 11.165
7741.8618 11.158
7743.5031 11.163
7745.1444 11.178
7746.7857 11.189
7748.4270 11.180
7750.0682 11.161
7751.7095 11.146
7753.3508 11.140
7754.9921 11.138
7756.6334 11.134
7758.2747 11.134
7759.9159 11.137
7761.5572 11.140
7763.1985 11.144
7764.8398 11.148
7766.4811 11.157
7768.1224 11.164
7769.7637 11.164
7771.4049 11.163
7773.0462 11.164
7774.6875 11.164
7776.3288 11.164
7777.9701 11.168
7779.6114 11.175
7781.2526 11.182
7782.8939 11.192
7784.5352 11.195
7786.1765 11.187
7787.8178 11.173
7789.4591 11.154
7791.1003 11.141
7792.7416 11.143
7794.3829 11.159
7796.0242 11.180
7797.6655 11.201
7799.3068 11.207
7800.9481 11.200
7802.5893 11.192
7804.2306 11.180
7805.8719 11.166
7807.5132 11.157
7809.1545 11.158
7810.7958 11.166
7812.4370 11.178
7814.0783 11.189
7815.7196 11.186
7817.3609 11.174
7819.0022 11.176
7820.6435 11.182
7822.2848 11.187
7823.9260 11.190
7825.5673 11.191
7827.2086 11.196
7828.8499 11.202
7830.4912 11.206
7832.1325 11.203
7833.7737 11.193
7835.4150 11.186
7837.0563 11.191
7838.6976 11.203
7840.3389 11.212
7841.9802 11.216
7843.6214 11.215
7845.2627 11.210
7846.9040 11.201
7848.5453 11.190
7850.1866 11.178
7851.8279 11.160
7853.4692 11.148
7855.1104 11.143
7856.7517 11.143
7858.3930 11.148
7860.0343 11.162
7861.6756 11.174
7863.3169 11.176
7864.9581 11.178
7866.5994 11.177
7868.2407 11.170
7869.8820 11.157
7871.5233 11.145
7873.1646 11.146
7874.8058 11.156
7876.4471 11.171
7878.0884 11.191
7879.7297 11.217
7881.3710 11.235
7883.0123 11.243
7884.6536 11.238
7886.2948 11.228
7887.9361 11.223
7889.5774 11.214
7891.2187 11.205
7892.8600 11.200
7894.5013 11.202
7896.1425 11.217
7897.7838 11.224
7899.4251 11.225
7901.0664 11.220
7902.7077 11.217
7904.3490 11.223
7905.9903 11.226
7907.6315 11.223
7909.2728 11.211
7910.9141 11.195
7912.5554 11.180
7914.1967 11.173
7915.8380 11.169
7917.4792 11.164
7919.1205 11.161
7920.7618 11.162
7922.4031 11.174
7924.0444 11.189
7925.6857 11.196
7927.3269 11.194
7928.9682 11.182
7930.6095 11.172
7932.2508 11.171
7933.8921 11.175
7935.5334 11.180
7937.1747 11.183
7938.8159 11.186
7940.4572 11.192
7942.0985 11.199
7943.7398 11.201
7945.3811 11.196
7947.0224 11.183
7948.6636 11.164
7950.3049 11.152
7951.9462 11.153
7953.5875 11.167
7955.2288 11.186
7956.8701 11.205
7958.5113 11.219
7960.1526 11.229
7961.7939 11.234
7963.4352 11.230
7965.0765 11.217
7966.7178 11.212
7968.3591 11.207
7970.0003 11.203
7971.6416 11.200
7973.2829 11.198
7974.9242 11.197
7976.5655 11.200
7978.2068 11.206
7979.8480 11.216
7981.4893 11.229
7983.1306 11.230
7984.7719 11.228
7986.4132 11.226
7988.0545 11.221
7989.6957 11.215
7991.3370 11.217
7992.9783 11.221
7994.6196 11.224
7996.2609 11.225
7997.9022 11.224
7999.5435 11.221
8001.1847 11.212
8002.8260 11.197
8004.4673 11.184
8006.1086 11.177
8007.7499 11.180
8009.3912 11.207
8011.0324 11.252
8012.6737 11.278
8014.3150 11.287
8015.9563 11.270
8017.5976 11.246
8019.2389 11.238
8020.8802 11.239
8022.5214 11.245
8024.1627 11.257
8025.8040 11.257
8027.4453 11.230
8029.0866 11.195
8030.7279 11.165
8032.3691 11.153
8034.0104 11.164
8035.6517 11.192
8037.2930 11.215
8038.9343 11.230
8040.5756 11.237
8042.2168 11.243
8043.8581 11.257
8045.4994 11.260
8047.1407 11.253
8048.7820 11.241
8050.4233 11.228
8052.0646 11.221
8053.7058 11.219
8055.3471 11.221
8056.9884 11.227
8058.6297 11.235
8060.2710 11.242
8061.9123 11.243
8063.5535 11.236
8065.1948 11.223
8066.8361 11.206
8068.4774 11.187
8070.1187 11.187
8071.7600 11.201
8073.4012 11.215
8075.0425 11.224
8076.6838 11.223
8078.3251 11.217
8079.9664 11.215
8081.6077 11.219
8083.2490 11.224
8084.8902 11.228
8086.5315 11.237
8088.1728 11.251
8089.8141 11.260
8091.4554 11.263
8093.0967 11.258
8094.7379 11.254
8096.3792 11.251
8098.0205 11.240
8099.6618 11.230
8101.3031 11.223
8102.9444 11.228
8104.5857 11.248
8106.2269 11.266
8107.8682 11.271
8109.5095 11.265
8111.1508 11.256
8112.7921 11.252
8114.4334 11.259
8116.0746 11.268
8117.7159 11.275
8119.3572 11.279
8120.9985 11.280
8122.6398 11.289
8124.2811 11.302
8125.9223 11.315
8127.5636 11.330
8129.2049 11.346
8130.8462 11.346
8132.4875 11.333
8134.1288 11.318
8135.7701 11.312
8137.4113 11.319
8139.0526 11.335
8140.6939 11.350
8142.3352 11.359
8143.9765 11.364
8145.6178 11.368
8147.2590 11.373
8148.9003 11.384
8150.5416 11.399
8152.1829 11.413
8153.8242 11.424
8155.4655 11.425
8157.1067 11.425
8158.7480 11.435
8160.3893 11.441
8162.0306 11.445
8163.6719 11.450
8165.3132 11.456
8166.9545 11.456
8168.5957 11.446
8170.2370 11.435
8171.8783 11.430
8173.5196 11.431
8175.1609 11.435
8176.8022 11.453
8178.4434 11.467
8180.0847 11.461
8181.7260 11.435
8183.3673 11.408
8185.0086 11.372
8186.6499 11.338
8188.2912 11.303
8189.9324 11.257
