3112.3271  9.991
3114.4085  9.950
3116.4898  9.918
3118.5712  9.898
3120.6525  9.890
3122.7339  9.867
3124.8153  9.855
3126.8966  9.855
3128.9780  9.871
3131.0594  9.876
3133.1407  9.865
3135.2221  9.842
3137.3034  9.813
3139.3848  9.792
3141.4662  9.774
3143.5475  9.760
3145.6289  9.752
3147.7103  9.763
3149.7916  9.771
3151.8730  9.775
3153.9543  9.774
3156.0357  9.772
3158.1171  9.752
3160.1984  9.731
3162.2798  9.714
3164.3612  9.703
3166.4425  9.734
3168.5239  9.737
3170.6052  9.747
3172.6866  9.758
3174.7680  9.757
3176.8493  9.766
3178.9307  9.776
3181.0121  9.780
3183.0934  9.773
3185.1748  9.767
3187.2561  9.768
3189.3375  9.768
3191.4189  9.737
3193.5002  9.716
3195.5816  9.708
3197.6630  9.708
3199.7443  9.699
3201.8257  9.702
3203.9070  9.710
3205.9884  9.713
3208.0698  9.708
3210.1511  9.675
3212.2325  9.666
3214.3138  9.658
3216.3952  9.650
3218.4766  9.684
3220.5579  9.720
3222.6393  9.738
3224.7207  9.734
3226.8020  9.714
3228.8834  9.697
3230.9647  9.700
3233.0461  9.706
3235.1275  9.694
3237.2088  9.678
3239.2902  9.668
3241.3716  9.669
3243.4529  9.677
3245.5343  9.688
3247.6156  9.693
3249.6970  9.695
3251.7784  9.690
3253.8597  9.698
3255.9411  9.718
3258.0225  9.724
3260.1038  9.717
3262.1852  9.702
3264.2665  9.693
3266.3479  9.693
3268.4293  9.688
3270.5106  9.679
3272.5920  9.686
3274.6734  9.706
3276.7547  9.720
3278.8361  9.720
3280.9174  9.715
3282.9988  9.716
3285.0802  9.724
3287.1615  9.733
3289.2429  9.735
3291.3242  9.708
3293.4056  9.678
3295.4870  9.667
3297.5683  9.678
3299.6497  9.687
3301.7311  9.691
3303.8124  9.696
3305.8938  9.713
3307.9751  9.731
3310.0565  9.743
3312.1379  9.741
3314.2192  9.727
3316.3006  9.721
3318.3820  9.727
3320.4633  9.745
3322.5447  9.745
3324.6260  9.736
3326.7074  9.721
3328.7888  9.705
3330.8701  9.691
3332.9515  9.685
3335.0329  9.704
3337.1142  9.742
3339.1956  9.743
3341.2769  9.725
3343.3583  9.712
3345.4397  9.722
3347.5210  9.729
3349.6024  9.723
3351.6838  9.707
3353.7651  9.700
3355.8465  9.700
3357.9278  9.702
3360.0092  9.703
3362.0906  9.702
3364.1719  9.714
3366.2533  9.725
3368.3347  9.731
3370.4160  9.728
3372.4974  9.748
3374.5787  9.769
3376.6601  9.775
3378.7415  9.766
3380.8228  9.759
3382.9042  9.748
3384.9855  9.744
3387.0669  9.742
3389.1483  9.728
3391.2296  9.724
3393.3110  9.719
3395.3924  9.716
3397.4737  9.729
3399.5551  9.743
3401.6364  9.759
3403.7178  9.758
3405.7992  9.741
3407.8805  9.734
3409.9619  9.739
3412.0433  9.748
3414.1246  9.753
3416.2060  9.754
3418.2873  9.753
3420.3687  9.753
3422.4501  9.748
3424.5314  9.728
3426.6128  9.727
3428.6942  9.739
3430.7755  9.754
3432.8569  9.771
3434.9382  9.783
3437.0196  9.790
3439.1010  9.792
3441.1823  9.794
3443.2637  9.794
3445.3451  9.808
3447.4264  9.809
3449.5078  9.793
3451.5891  9.777
3453.6705  9.764
3455.7519  9.759
3457.8332  9.765
3459.9146  9.778
3461.9959  9.789
3464.0773  9.783
3466.1587  9.774
3468.2400  9.770
3470.3214  9.783
3472.4028  9.778
3474.4841  9.780
3476.5655  9.785
3478.6468  9.796
3480.7282  9.798
3482.8096  9.808
3484.8909  9.818
3486.9723  9.808
3489.0537  9.787
3491.1350  9.769
3493.2164  9.769
3495.2977  9.785
3497.3791  9.783
3499.4605  9.780
3501.5418  9.782
3503.6232  9.791
3505.7046  9.795
3507.7859  9.796
3509.8673  9.789
3511.9486  9.775
3514.0300  9.778
3516.1114  9.787
3518.1927  9.793
3520.2741  9.792
3522.3555  9.795
3524.4368  9.800
3526.5182  9.802
3528.5995  9.805
3530.6809  9.808
3532.7623  9.818
3534.8436  9.820
3536.9250  9.808
3539.0064  9.789
3541.0877  9.786
3543.1691  9.793
3545.2504  9.801
3547.3318  9.805
3549.4132  9.809
3551.4945  9.816
3553.5759  9.820
3555.6572  9.816
3557.7386  9.813
3559.8200  9.808
3561.9013  9.799
3563.9827  9.786
3566.0641  9.790
3568.1454  9.796
3570.2268  9.797
3572.3081  9.798
3574.3895  9.798
3576.4709  9.805
3578.5522  9.815
3580.6336  9.833
3582.7150  9.828
3584.7963  9.826
3586.8777  9.811
3588.9590  9.796
3591.0404  9.810
3593.1218  9.818
3595.2031  9.824
3597.2845  9.827
3599.3659  9.830
3601.4472  9.821
3603.5286  9.808
3605.6099  9.802
3607.6913  9.794
3609.7727  9.793
3611.8540  9.806
3613.9354  9.812
3616.0168  9.809
3618.0981  9.811
3620.1795  9.821
3622.2608  9.837
3624.3422  9.863
3626.4236  9.873
3628.5049  9.867
3630.5863  9.860
3632.6677  9.859
3634.7490  9.857
3636.8304  9.847
3638.9117  9.843
3640.9931  9.843
3643.0745  9.857
3645.1558  9.868
3647.2372  9.879
3649.3185  9.874
3651.3999  9.864
3653.4813  9.848
3655.5626  9.838
3657.6440  9.843
3659.7254  9.840
3661.8067  9.830
3663.8881  9.828
3665.9694  9.824
3668.0508  9.819
3670.1322  9.835
3672.2135  9.856
3674.2949  9.861
3676.3763  9.860
3678.4576  9.859
3680.5390  9.857
3682.6203  9.860
3684.7017  9.873
3686.7831  9.881
3688.8644  9.870
3690.9458  9.857
3693.0272  9.857
3695.1085  9.859
3697.1899  9.853
3699.2712  9.854
3701.3526  9.868
3703.4340  9.889
3705.5153  9.907
3707.5967  9.907
3709.6781  9.895
3711.7594  9.888
3713.8408  9.885
3715.9221  9.888
3718.0035  9.889
3720.0849  9.885
3722.1662  9.887
3724.2476  9.889
3726.3289  9.881
3728.4103  9.854
3730.4917  9.835
3732.5730  9.835
3734.6544  9.850
3736.7358  9.871
3738.8171  9.880
3740.8985  9.876
3742.9798  9.870
3745.0612  9.880
3747.1426  9.888
3749.2239  9.896
3751.3053  9.896
3753.3867  9.891
3755.4680  9.896
3757.5494  9.905
3759.6307  9.902
3761.7121  9.887
3763.7935  9.882
3765.8748  9.893
3767.9562  9.910
3770.0376  9.922
3772.1189  9.917
3774.2003  9.906
3776.2816  9.895
3778.3630  9.893
3780.4444  9.896
3782.5257  9.898
3784.6071  9.896
3786.6885  9.889
3788.7698  9.891
3790.8512  9.915
3792.9325  9.940
3795.0139  9.960
3797.0953  9.974
3799.1766  9.978
3801.2580  9.974
3803.3394  9.956
3805.4207  9.930
3807.5021  9.905
3809.5834  9.897
3811.6648  9.894
3813.7462  9.889
3815.8275  9.887
3817.9089  9.900
3819.9902  9.922
3822.0716  9.933
3824.1530  9.938
3826.2343  9.956
3828.3157  9.979
3830.3971 10.000
3832.4784 10.009
3834.5598 10.009
3836.6411  9.998
3838.7225  9.983
3840.8039  9.964
3842.8852  9.946
3844.9666  9.927
3847.0480  9.913
3849.1293  9.904
3851.2107  9.908
3853.2920  9.894
3855.3734  9.873
3857.4548  9.862
3859.5361  9.852
3861.6175  9.847
3863.6989  9.851
3865.7802  9.864
3867.8616  9.874
3869.9429  9.892
3872.0243  9.909
3874.1057  9.925
3876.1870  9.945
3878.2684  9.973
3880.3498 10.006
3882.4311 10.039
3884.5125 10.076
3886.5938 10.089
3888.6752 10.093
3890.7566 10.096
3892.8379 10.088
3894.9193 10.054
3897.0006 10.005
3899.0820  9.968
3901.1634  9.946
3903.2447  9.933
3905.3261  9.913
3907.4075  9.886
3909.4888  9.864
3911.5702  9.862
3913.6515  9.863
3915.7329  9.861
3917.8143  9.863
3919.8956  9.868
3921.9770  9.876
3924.0584  9.876
3926.1397  9.878
3928.2211  9.877
3930.3024  9.880
3932.3838  9.883
3934.4652  9.887
3936.5465  9.887
3938.6279  9.885
3940.7093  9.888
3942.7906  9.895
3944.8720  9.904
3946.9533  9.913
3949.0347  9.926
3951.1161  9.947
3953.1974  9.969
3955.2788  9.981
3957.3602 10.000
3959.4415 10.032
3961.5229 10.064
3963.6042 10.095
3965.6856 10.138
3967.7670 10.174
3969.8483 10.183
3971.9297 10.165
3974.0111 10.135
3976.0924 10.098
3978.1738 10.049
3980.2551 10.013
3982.3365  9.981
3984.4179  9.959
3986.4992  9.948
3988.5806  9.938
3990.6619  9.925
3992.7433  9.912
3994.8247  9.906
3996.9060  9.895
3998.9874  9.885
4001.0688  9.880
4003.1501  9.878
4005.2315  9.879
4007.3128  9.882
4009.3942  9.876
4011.4756  9.870
4013.5569  9.875
4015.6383  9.882
4017.7197  9.888
4019.8010  9.899
4021.8824  9.913
4023.9637  9.920
4026.0451  9.926
4028.1265  9.928
4030.2078  9.918
4032.2892  9.898
4034.3706  9.888
4036.4519  9.886
4038.5333  9.886
4040.6146  9.892
4042.6960  9.893
4044.7774  9.883
4046.8587  9.873
4048.9401  9.878
4051.0215  9.881
4053.1028  9.881
4055.1842  9.884
4057.2655  9.889
4059.3469  9.892
4061.4283  9.893
4063.5096  9.895
4065.5910  9.903
4067.6723  9.916
4069.7537  9.925
4071.8351  9.928
4073.9164  9.931
4075.9978  9.939
4078.0792  9.945
4080.1605  9.955
4082.2419  9.967
4084.3232  9.982
4086.4046  9.995
4088.4860 10.018
4090.5673 10.050
4092.6487 10.085
4094.7301 10.130
4096.8114 10.181
4098.8928 10.224
4100.9741 10.239
4103.0555 10.234
4105.1369 10.212
4107.2182 10.176
4109.2996 10.128
4111.3810 10.090
4113.4623 10.060
4115.5437 10.034
4117.6250 10.014
4119.7064  9.998
4121.7878  9.983
4123.8691  9.971
4125.9505  9.970
4128.0319  9.967
4130.1132  9.961
4132.1946  9.956
4134.2759  9.953
4136.3573  9.953
4138.4387  9.960
4140.5200  9.964
4142.6014  9.962
4144.6828  9.957
4146.7641  9.951
4148.8455  9.939
4150.9268  9.926
4153.0082  9.929
4155.0896  9.937
4157.1709  9.942
4159.2523  9.940
4161.3336  9.935
4163.4150  9.929
4165.4964  9.928
4167.5777  9.932
4169.6591  9.939
4171.7405  9.944
4173.8218  9.952
4175.9032  9.954
4177.9845  9.948
4180.0659  9.942
4182.1473  9.940
4184.2286  9.941
4186.3100  9.940
4188.3914  9.947
4190.4727  9.955
4192.5541  9.959
4194.6354  9.955
4196.7168  9.944
4198.7982  9.942
4200.8795  9.948
4202.9609  9.956
4205.0423  9.958
4207.1236  9.959
4209.2050  9.962
4211.2863  9.962
4213.3677  9.966
4215.4491  9.977
4217.5304  9.982
4219.6118  9.976
4221.6932  9.967
4223.7745  9.974
4225.8559  9.982
4227.9372  9.983
4230.0186  9.979
4232.1000  9.974
4234.1813  9.968
4236.2627  9.965
4238.3441  9.971
4240.4254  9.972
4242.5068  9.970
4244.5881  9.968
4246.6695  9.973
4248.7509  9.980
4250.8322  9.990
4252.9136  9.991
4254.9949  9.990
4257.0763  9.988
4259.1577  9.990
4261.2390  9.994
4263.3204  9.997
4265.4018  9.995
4267.4831  9.989
4269.5645  9.981
4271.6458  9.977
4273.7272  9.981
4275.8086  9.987
4277.8899  9.995
4279.9713  9.999
4282.0527 10.002
4284.1340  9.997
4286.2154  9.995
4288.2967  9.997
4290.3781 10.000
4292.4595 10.004
4294.5408 10.009
4296.6222 10.011
4298.7036 10.012
4300.7849 10.016
4302.8663 10.022
4304.9476 10.026
4307.0290 10.025
4309.1104 10.024
4311.1917 10.027
4313.2731 10.032
4315.3545 10.042
4317.4358 10.050
4319.5172 10.060
4321.5985 10.078
4323.6799 10.100
4325.7613 10.124
4327.8426 10.147
4329.9240 10.175
4332.0053 10.211
4334.0867 10.252
4336.1681 10.296
4338.2494 10.333
4340.3308 10.347
4342.4122 10.334
4344.4935 10.300
4346.5749 10.253
4348.6562 10.212
4350.7376 10.184
4352.8190 10.156
4354.9003 10.130
4356.9817 10.109
4359.0631 10.093
4361.1444 10.080
4363.2258 10.078
4365.3071 10.079
4367.3885 10.076
4369.4699 10.068
4371.5512 10.059
4373.6326 10.054
4375.7140 10.052
4377.7953 10.054
4379.8767 10.059
4381.9580 10.066
4384.0394 10.072
4386.1208 10.070
4388.2021 10.063
4390.2835 10.056
4392.3649 10.052
4394.4462 10.050
4396.5276 10.041
4398.6089 10.035
4400.6903 10.036
4402.7717 10.039
4404.8530 10.037
4406.9344 10.033
4409.0158 10.028
4411.0971 10.030
4413.1785 10.033
4415.2598 10.037
4417.3412 10.037
4419.4226 10.035
4421.5039 10.037
4423.5853 10.038
4425.6666 10.040
4427.7480 10.043
4429.8294 10.053
4431.9107 10.054
4433.9921 10.056
4436.0735 10.060
4438.1548 10.064
4440.2362 10.064
4442.3175 10.068
4444.3989 10.068
4446.4803 10.066
4448.5616 10.064
4450.6430 10.062
4452.7244 10.058
4454.8057 10.050
4456.8871 10.051
4458.9684 10.059
4461.0498 10.068
4463.1312 10.079
4465.2125 10.103
4467.2939 10.130
4469.3753 10.153
4471.4566 10.167
4473.5380 10.156
4475.6193 10.133
4477.7007 10.116
4479.7821 10.108
4481.8634 10.102
4483.9448 10.092
4486.0262 10.087
4488.1075 10.087
4490.1889 10.089
4492.2702 10.095
4494.3516 10.096
4496.4330 10.094
4498.5143 10.090
4500.5957 10.094
4502.6770 10.091
4504.7584 10.088
4506.8398 10.092
4508.9211 10.096
4511.0025 10.089
4513.0839 10.087
4515.1652 10.094
4517.2466 10.100
4519.3279 10.106
4521.4093 10.107
4523.4907 10.104
4525.5720 10.097
4527.6534 10.098
4529.7348 10.102
4531.8161 10.107
4533.8975 10.103
4535.9788 10.098
4538.0602 10.097
4540.1416 10.100
4542.2229 10.102
4544.3043 10.106
4546.3857 10.108
4548.4670 10.109
4550.5484 10.111
4552.6297 10.109
4554.7111 10.108
4556.7925 10.107
4558.8738 10.112
4560.9552 10.117
4563.0366 10.123
4565.1179 10.124
4567.1993 10.120
4569.2806 10.115
4571.3620 10.114
4573.4434 10.114
4575.5247 10.112
4577.6061 10.113
4579.6875 10.116
4581.7688 10.120
4583.8502 10.123
4585.9315 10.123
4588.0129 10.123
4590.0943 10.126
4592.1756 10.129
4594.2570 10.130
4596.3383 10.122
4598.4197 10.123
4600.5011 10.131
4602.5824 10.136
4604.6638 10.138
4606.7452 10.143
4608.8265 10.145
4610.9079 10.141
4612.9892 10.134
4615.0706 10.127
4617.1520 10.128
4619.2333 10.132
4621.3147 10.140
4623.3961 10.141
4625.4774 10.141
4627.5588 10.145
4629.6401 10.151
4631.7215 10.154
4633.8029 10.155
4635.8842 10.159
4637.9656 10.161
4640.0470 10.157
4642.1283 10.153
4644.2097 10.153
4646.2910 10.152
4648.3724 10.154
4650.4538 10.158
4652.5351 10.157
4654.6165 10.153
4656.6979 10.156
4658.7792 10.159
4660.8606 10.161
4662.9419 10.162
4665.0233 10.163
4667.1047 10.160
4669.1860 10.158
4671.2674 10.166
4673.3487 10.173
4675.4301 10.175
4677.5115 10.174
4679.5928 10.172
4681.6742 10.171
4683.7556 10.177
4685.8369 10.186
4687.9183 10.191
4689.9996 10.185
4692.0810 10.183
4694.1624 10.180
4696.2437 10.174
4698.3251 10.171
4700.4065 10.174
4702.4878 10.177
4704.5692 10.179
4706.6505 10.189
4708.7319 10.197
4710.8133 10.202
4712.8946 10.201
4714.9760 10.195
4717.0574 10.186
4719.1387 10.182
4721.2201 10.187
4723.3014 10.191
4725.3828 10.190
4727.4642 10.193
4729.5455 10.200
4731.6269 10.204
4733.7083 10.204
4735.7896 10.200
4737.8710 10.197
4739.9523 10.195
4742.0337 10.198
4744.1151 10.203
4746.1964 10.205
4748.2778 10.205
4750.3592 10.203
4752.4405 10.202
4754.5219 10.207
4756.6032 10.216
4758.6846 10.221
4760.7660 10.215
4762.8473 10.212
4764.9287 10.216
4767.0100 10.217
4769.0914 10.215
4771.1728 10.212
4773.2541 10.214
4775.3355 10.219
4777.4169 10.226
4779.4982 10.227
4781.5796 10.225
4783.6609 10.222
4785.7423 10.220
4787.8237 10.219
4789.9050 10.221
4791.9864 10.223
4794.0678 10.223
4796.1491 10.224
4798.2305 10.230
4800.3118 10.236
4802.3932 10.237
4804.4746 10.235
4806.5559 10.236
4808.6373 10.233
4810.7187 10.228
4812.8000 10.231
4814.8814 10.230
4816.9627 10.232
4819.0441 10.237
4821.1255 10.247
4823.2068 10.251
4825.2882 10.252
4827.3696 10.255
4829.4509 10.261
4831.5323 10.268
4833.6136 10.277
4835.6950 10.290
4837.7764 10.302
4839.8577 10.307
4841.9391 10.314
4844.0205 10.327
4846.1018 10.342
4848.1832 10.360
4850.2645 10.381
4852.3459 10.410
4854.4273 10.449
4856.5086 10.499
4858.5900 10.539
4860.6713 10.564
4862.7527 10.565
4864.8341 10.542
4866.9154 10.502
4868.9968 10.453
4871.0782 10.414
4873.1595 10.381
4875.2409 10.359
4877.3222 10.344
4879.4036 10.333
4881.4850 10.319
4883.5663 10.308
4885.6477 10.304
4887.7291 10.304
4889.8104 10.302
4891.8918 10.297
4893.9731 10.293
4896.0545 10.286
4898.1359 10.280
4900.2172 10.279
4902.2986 10.281
4904.3800 10.279
4906.4613 10.284
4908.5427 10.284
4910.6240 10.285
4912.7054 10.288
4914.7868 10.291
4916.8681 10.301
4918.9495 10.316
4921.0309 10.326
4923.1122 10.325
4925.1936 10.319
4927.2749 10.310
4929.3563 10.299
4931.4377 10.287
4933.5190 10.289
4935.6004 10.287
4937.6817 10.284
4939.7631 10.284
4941.8445 10.288
4943.9258 10.289
4946.0072 10.291
4948.0886 10.291
4950.1699 10.289
4952.2513 10.287
4954.3326 10.290
4956.4140 10.293
4958.4954 10.289
4960.5767 10.289
4962.6581 10.290
4964.7395 10.288
4966.8208 10.283
4968.9022 10.289
4970.9835 10.297
4973.0649 10.303
4975.1463 10.307
4977.2276 10.313
4979.3090 10.313
4981.3904 10.309
4983.4717 10.303
4985.5531 10.297
4987.6344 10.298
4989.7158 10.301
4991.7972 10.306
4993.8785 10.312
4995.9599 10.320
4998.0413 10.326
5000.1226 10.327
5002.2040 10.327
5004.2853 10.329
5006.3667 10.329
5008.4481 10.330
5010.5294 10.334
5012.6108 10.339
5014.6922 10.342
5016.7735 10.341
5018.8549 10.343
5020.9362 10.339
5023.0176 10.335
5025.0990 10.333
5027.1803 10.330
5029.2617 10.328
5031.3430 10.332
5033.4244 10.340
5035.5058 10.345
5037.5871 10.345
5039.6685 10.346
5041.7499 10.349
5043.8312 10.356
5045.9126 10.359
5047.9939 10.359
5050.0753 10.355
5052.1567 10.354
5054.2380 10.354
5056.3194 10.352
5058.4008 10.352
5060.4821 10.355
5062.5635 10.355
5064.6448 10.357
5066.7262 10.358
5068.8076 10.357
5070.8889 10.350
5072.9703 10.354
5075.0517 10.358
5077.1330 10.360
5079.2144 10.360
5081.2957 10.358
5083.3771 10.358
5085.4585 10.358
5087.5398 10.353
5089.6212 10.348
5091.7026 10.346
5093.7839 10.350
5095.8653 10.358
5097.9466 10.365
5100.0280 10.369
5102.1094 10.366
5104.1907 10.359
5106.2721 10.359
5108.3534 10.370
5110.4348 10.376
5112.5162 10.376
5114.5975 10.377
5116.6789 10.378
5118.7603 10.377
5120.8416 10.379
5122.9230 10.381
5125.0043 10.380
5127.0857 10.378
5129.1671 10.375
5131.2484 10.379
5133.3298 10.383
5135.4112 10.386
5137.4925 10.386
5139.5739 10.382
5141.6552 10.384
5143.7366 10.387
5145.8180 10.391
5147.8993 10.395
5149.9807 10.400
5152.0621 10.398
5154.1434 10.396
5156.2248 10.398
5158.3061 10.403
5160.3875 10.410
5162.4689 10.412
5164.5502 10.407
5166.6316 10.395
5168.7130 10.392
5170.7943 10.396
5172.8757 10.399
5174.9570 10.396
5177.0384 10.397
5179.1198 10.402
5181.2011 10.407
5183.2825 10.410
5185.3639 10.412
5187.4452 10.409
5189.5266 10.405
5191.6079 10.407
5193.6893 10.404
5195.7707 10.405
5197.8520 10.405
5199.9334 10.404
5202.0147 10.403
5204.0961 10.404
5206.1775 10.408
5208.2588 10.413
5210.3402 10.418
5212.4216 10.422
5214.5029 10.424
5216.5843 10.424
5218.6656 10.429
5220.7470 10.427
5222.8284 10.421
5224.9097 10.419
5226.9911 10.421
5229.0725 10.416
5231.1538 10.417
5233.2352 10.423
5235.3165 10.424
5237.3979 10.425
5239.4793 10.426
5241.5606 10.427
5243.6420 10.424
5245.7234 10.427
5247.8047 10.424
5249.8861 10.416
5251.9674 10.415
5254.0488 10.421
5256.1302 10.420
5258.2115 10.418
5260.2929 10.422
5262.3743 10.427
5264.4556 10.428
5266.5370 10.427
5268.6183 10.433
5270.6997 10.439
5272.7811 10.445
5274.8624 10.448
5276.9438 10.445
5279.0252 10.444
5281.1065 10.435
5283.1879 10.435
5285.2692 10.437
5287.3506 10.441
5289.4320 10.436
5291.5133 10.433
5293.5947 10.432
5295.6760 10.426
5297.7574 10.418
5299.8388 10.422
5301.9201 10.427
5304.0015 10.430
5306.0829 10.435
5308.1642 10.441
5310.2456 10.446
5312.3269 10.447
5314.4083 10.441
5316.4897 10.440
5318.5710 10.445
5320.6524 10.454
5322.7338 10.458
5324.8151 10.460
5326.8965 10.463
5328.9778 10.467
5331.0592 10.461
5333.1406 10.460
5335.2219 10.462
5337.3033 10.463
5339.3847 10.461
5341.4660 10.459
5343.5474 10.457
5345.6287 10.466
5347.7101 10.480
5349.7915 10.480
5351.8728 10.473
5353.9542 10.468
5356.0356 10.465
5358.1169 10.457
5360.1983 10.455
5362.2796 10.458
5364.3610 10.453
5366.4424 10.461
5368.5237 10.470
5370.6051 10.475
5372.6864 10.470
5374.7678 10.472
5376.8492 10.472
5378.9305 10.470
5381.0119 10.463
5383.0933 10.457
5385.1746 10.456
5387.2560 10.456
5389.3373 10.458
5391.4187 10.452
5393.5001 10.454
5395.5814 10.460
5397.6628 10.469
5399.7442 10.471
5401.8255 10.474
5403.9069 10.471
5405.9882 10.465
5408.0696 10.468
5410.1510 10.470
5412.2323 10.478
5414.3137 10.482
5416.3951 10.480
5418.4764 10.474
5420.5578 10.469
5422.6391 10.467
5424.7205 10.468
5426.8019 10.483
5428.8832 10.486
5430.9646 10.487
5433.0460 10.486
5435.1273 10.485
5437.2087 10.483
5439.2900 10.488
5441.3714 10.493
5443.4528 10.491
5445.5341 10.498
5447.6155 10.503
5449.6969 10.507
5451.7782 10.506
5453.8596 10.501
5455.9409 10.497
5458.0223 10.492
5460.1037 10.494
5462.1850 10.486
5464.2664 10.483
5466.3477 10.486
5468.4291 10.494
5470.5105 10.488
5472.5918 10.485
5474.6732 10.491
5476.7546 10.495
5478.8359 10.498
5480.9173 10.499
5482.9986 10.495
5485.0800 10.490
5487.1614 10.487
5489.2427 10.488
5491.3241 10.486
5493.4055 10.492
5495.4868 10.504
5497.5682 10.514
5499.6495 10.524
5501.7309 10.530
5503.8123 10.528
5505.8936 10.514
5507.9750 10.519
5510.0564 10.525
5512.1377 10.529
5514.2191 10.529
5516.3004 10.526
5518.3818 10.524
5520.4632 10.529
5522.5445 10.531
5524.6259 10.539
5526.7073 10.541
5528.7886 10.535
5530.8700 10.520
5532.9513 10.517
5535.0327 10.515
5537.1141 10.518
5539.1954 10.526
5541.2768 10.527
5543.3581 10.527
5545.4395 10.530
5547.5209 10.539
5549.6022 10.540
5551.6836 10.540
5553.7650 10.539
5555.8463 10.536
5557.9277 10.536
5560.0090 10.536
5562.0904 10.534
5564.1718 10.528
5566.2531 10.532
5568.3345 10.538
5570.4159 10.538
5572.4972 10.536
5574.5786 10.534
5576.6599 10.530
5578.7413 10.532
5580.8227 10.534
5582.9040 10.539
5584.9854 10.547
5587.0668 10.552
5589.1481 10.549
5591.2295 10.547
5593.3108 10.547
5595.3922 10.551
5597.4736 10.553
5599.5549 10.554
5601.6363 10.551
5603.7177 10.551
5605.7990 10.556
5607.8804 10.564
5609.9617 10.563
5612.0431 10.555
5614.1245 10.550
5616.2058 10.547
5618.2872 10.554
5620.3686 10.558
5622.4499 10.559
5624.5313 10.556
5626.6126 10.557
5628.6940 10.554
5630.7754 10.556
5632.8567 10.564
5634.9381 10.567
5637.0194 10.569
5639.1008 10.573
5641.1822 10.577
5643.2635 10.572
5645.3449 10.562
5647.4263 10.557
5649.5076 10.555
5651.5890 10.552
5653.6703 10.558
5655.7517 10.566
5657.8331 10.577
5659.9144 10.582
5661.9958 10.584
5664.0772 10.588
5666.1585 10.589
5668.2399 10.587
5670.3212 10.585
5672.4026 10.591
5674.4840 10.592
5676.5653 10.587
5678.6467 10.579
5680.7281 10.579
5682.8094 10.580
5684.8908 10.581
5686.9721 10.583
5689.0535 10.585
5691.1349 10.585
5693.2162 10.582
5695.2976 10.580
5697.3790 10.579
5699.4603 10.580
5701.5417 10.584
5703.6230 10.591
5705.7044 10.594
5707.7858 10.598
5709.8671 10.597
5711.9485 10.598
5714.0298 10.601
5716.1112 10.607
5718.1926 10.609
5720.2739 10.612
5722.3553 10.615
5724.4367 10.613
5726.5180 10.607
5728.5994 10.606
5730.6807 10.606
5732.7621 10.605
5734.8435 10.605
5736.9248 10.605
5739.0062 10.606
5741.0876 10.611
5743.1689 10.614
5745.2503 10.614
5747.3316 10.612
5749.4130 10.611
5751.4944 10.613
5753.5757 10.613
5755.6571 10.613
5757.7385 10.612
5759.8198 10.612
5761.9012 10.610
5763.9825 10.602
5766.0639 10.602
5768.1453 10.603
5770.2266 10.606
5772.3080 10.611
5774.3894 10.615
5776.4707 10.619
5778.5521 10.621
5780.6334 10.623
5782.7148 10.619
5784.7962 10.619
5786.8775 10.621
5788.9589 10.624
5791.0403 10.624
5793.1216 10.619
5795.2030 10.613
5797.2843 10.609
5799.3657 10.615
5801.4471 10.623
5803.5284 10.626
5805.6098 10.626
5807.6911 10.629
5809.7725 10.630
5811.8539 10.628
5813.9352 10.630
5816.0166 10.630
5818.0980 10.626
5820.1793 10.627
5822.2607 10.630
5824.3420 10.632
5826.4234 10.631
5828.5048 10.634
5830.5861 10.636
5832.6675 10.641
5834.7489 10.639
5836.8302 10.639
5838.9116 10.641
5840.9929 10.643
5843.0743 10.642
5845.1557 10.642
5847.2370 10.640
5849.3184 10.638
5851.3998 10.637
5853.4811 10.637
5855.5625 10.639
5857.6438 10.644
5859.7252 10.648
5861.8066 10.651
5863.8879 10.654
5865.9693 10.660
5868.0507 10.669
5870.1320 10.684
5872.2134 10.700
5874.2947 10.708
5876.3761 10.703
5878.4575 10.689
5880.5388 10.678
5882.6202 10.675
5884.7016 10.676
5886.7829 10.678
5888.8643 10.677
5890.9456 10.675
5893.0270 10.674
5895.1084 10.671
5897.1897 10.671
5899.2711 10.671
5901.3524 10.670
5903.4338 10.664
5905.5152 10.655
5907.5965 10.650
5909.6779 10.639
5911.7593 10.629
5913.8406 10.622
5915.9220 10.682
5918.0033 10.689
5920.0847 10.689
5922.1661 10.684
5924.2474 10.673
5926.3288 10.667
5928.4102 10.663
5930.4915 10.664
5932.5729 10.649
5934.6542 10.649
5936.7356 10.681
5938.8170 10.684
5940.8983 10.687
5942.9797 10.688
5945.0611 10.689
5947.1424 10.691
5949.2238 10.694
5951.3051 10.690
5953.3865 10.690
5955.4679 10.692
5957.5492 10.694
5959.6306 10.691
5961.7120 10.692
5963.7933 10.696
5965.8747 10.703
5967.9560 10.710
5970.0374 10.714
5972.1188 10.715
5974.2001 10.715
5976.2815 10.710
5978.3628 10.704
5980.4442 10.701
5982.5256 10.701
5984.6069 10.702
5986.6883 10.707
5988.7697 10.712
5990.8510 10.717
5992.9324 10.720
5995.0137 10.723
5997.0951 10.727
5999.1765 10.728
6001.2578 10.726
6003.3392 10.724
6005.4206 10.723
6007.5019 10.724
6009.5833 10.728
6011.6646 10.736
6013.7460 10.737
6015.8274 10.735
6017.9087 10.733
6019.9901 10.734
6022.0715 10.735
6024.1528 10.739
6026.2342 10.746
6028.3155 10.751
6030.3969 10.751
6032.4783 10.753
6034.5596 10.753
6036.6410 10.749
6038.7224 10.741
6040.8037 10.734
6042.8851 10.730
6044.9664 10.729
6047.0478 10.730
6049.1292 10.733
6051.2105 10.737
6053.2919 10.741
6055.3733 10.737
6057.4546 10.735
6059.5360 10.739
6061.6173 10.748
6063.6987 10.760
6065.7801 10.771
6067.8614 10.772
6069.9428 10.765
6072.0241 10.754
6074.1055 10.748
6076.1869 10.745
6078.2682 10.744
6080.3496 10.746
6082.4310 10.750
6084.5123 10.752
6086.5937 10.752
6088.6750 10.753
6090.7564 10.755
6092.8378 10.758
6094.9191 10.760
6097.0005 10.761
6099.0819 10.758
6101.1632 10.762
6103.2446 10.764
6105.3259 10.762
6107.4073 10.758
6109.4887 10.757
6111.5700 10.759
6113.6514 10.763
6115.7328 10.770
6117.8141 10.773
6119.8955 10.776
6121.9768 10.776
6124.0582 10.773
6126.1396 10.769
6128.2209 10.766
6130.3023 10.764
6132.3837 10.762
6134.4650 10.765
6136.5464 10.774
6138.6277 10.781
6140.7091 10.783
6142.7905 10.786
6144.8718 10.793
6146.9532 10.798
6149.0345 10.798
6151.1159 10.795
6153.1973 10.792
6155.2786 10.791
6157.3600 10.790
6159.4414 10.787
6161.5227 10.787
6163.6041 10.788
6165.6854 10.790
6167.7668 10.793
6169.8482 10.792
6171.9295 10.792
6174.0109 10.791
6176.0923 10.787
6178.1736 10.784
6180.2550 10.782
6182.3363 10.780
6184.4177 10.780
6186.4991 10.788
6188.5804 10.797
6190.6618 10.801
6192.7432 10.798
6194.8245 10.797
6196.9059 10.801
6198.9872 10.808
6201.0686 10.816
6203.1500 10.814
6205.2313 10.802
6207.3127 10.792
6209.3941 10.789
6211.4754 10.796
6213.5568 10.813
6215.6381 10.827
6217.7195 10.838
6219.8009 10.843
6221.8822 10.842
6223.9636 10.835
6226.0450 10.824
6228.1263 10.815
6230.2077 10.822
6232.2890 10.832
6234.3704 10.839
6236.4518 10.840
6238.5331 10.835
6240.6145 10.834
6242.6958 10.839
6244.7772 10.849
6246.8586 10.857
6248.9399 10.857
6251.0213 10.855
6253.1027 10.852
6255.1840 10.851
6257.2654 10.852
6259.3467 10.854
6261.4281 10.856
6263.5095 10.858
6265.5908 10.859
6267.6722 10.858
6269.7536 10.858
6271.8349 10.862
6273.9163 10.871
6275.9976 10.878
6278.0790 10.881
6280.1604 10.880
6282.2417 10.875
6284.3231 10.872
6286.4045 10.874
6288.4858 10.880
6290.5672 10.885
6292.6485 10.886
6294.7299 10.882
6296.8113 10.874
6298.8926 10.863
6300.9740 10.857
6303.0554 10.855
6305.1367 10.856
6307.2181 10.859
6309.2994 10.862
6311.3808 10.859
6313.4622 10.855
6315.5435 10.852
6317.6249 10.855
6319.7063 10.861
6321.7876 10.864
6323.8690 10.865
6325.9503 10.863
6328.0317 10.865
6330.1131 10.867
6332.1944 10.869
6334.2758 10.870
6336.3571 10.874
6338.4385 10.873
6340.5199 10.869
6342.6012 10.865
6344.6826 10.867
6346.7640 10.868
6348.8453 10.869
6350.9267 10.870
6353.0080 10.865
6355.0894 10.861
6357.1708 10.861
6359.2521 10.865
6361.3335 10.869
6363.4149 10.871
6365.4962 10.869
6367.5776 10.866
6369.6589 10.867
6371.7403 10.871
6373.8217 10.874
6375.9030 10.877
6377.9844 10.880
6380.0658 10.884
6382.1471 10.886
6384.2285 10.887
6386.3098 10.883
6388.3912 10.875
6390.4726 10.872
6392.5539 10.871
6394.6353 10.871
6396.7167 10.881
6398.7980 10.894
6400.8794 10.904
6402.9607 10.904
6405.0421 10.895
6407.1235 10.881
6409.2048 10.872
6411.2862 10.872
6413.3675 10.881
6415.4489 10.893
6417.5303 10.901
6419.6116 10.906
6421.6930 10.906
6423.7744 10.909
6425.8557 10.913
6427.9371 10.915
6430.0184 10.914
6432.0998 10.906
6434.1812 10.905
6436.2625 10.908
6438.3439 10.910
6440.4253 10.908
6442.5066 10.913
6444.5880 10.917
6446.6693 10.917
6448.7507 10.910
6450.8321 10.906
6452.9134 10.908
6454.9948 10.914
6457.0762 10.923
6459.1575 10.927
6461.2389 10.929
6463.3202 10.930
6465.4016 10.931
6467.4830 10.931
6469.5643 10.931
6471.6457 10.929
6473.7271 10.924
6475.8084 10.925
6477.8898 10.930
6479.9711 10.934
6482.0525 10.933
6484.1339 10.932
6486.2152 10.930
6488.2966 10.926
6490.3780 10.921
6492.4593 10.920
6494.5407 10.920
6496.6220 10.921
6498.7034 10.922
6500.7848 10.924
6502.8661 10.924
6504.9475 10.924
6507.0288 10.926
6509.1102 10.930
6511.1916 10.931
6513.2729 10.936
6515.3543 10.943
6517.4357 10.950
6519.5170 10.952
6521.5984 10.951
6523.6797 10.948
6525.7611 10.942
6527.8425 10.936
6529.9238 10.931
6532.0052 10.933
6534.0866 10.943
6536.1679 10.959
6538.2493 10.970
6540.3306 10.982
6542.4120 10.995
6544.4934 11.007
6546.5747 11.016
6548.6561 11.028
6550.7375 11.045
6552.8188 11.073
6554.9002 11.107
6556.9815 11.146
6559.0629 11.182
6561.1443 11.205
6563.2256 11.193
6565.3070 11.166
6567.3884 11.133
6569.4697 11.098
6571.5511 11.070
6573.6324 11.046
6575.7138 11.026
6577.7952 11.012
6579.8765 11.011
6581.9579 11.011
6584.0392 11.007
6586.1206 11.000
6588.2020 10.989
6590.2833 10.982
6592.3647 10.976
6594.4461 10.972
6596.5274 10.968
6598.6088 10.965
6600.6901 10.963
6602.7715 10.962
6604.8529 10.960
6606.9342 10.952
6609.0156 10.944
6611.0970 10.942
6613.1783 10.948
6615.2597 10.960
6617.3410 10.968
6619.4224 10.968
6621.5038 10.961
6623.5851 10.953
6625.6665 10.954
6627.7479 10.958
6629.8292 10.960
6631.9106 10.953
6633.9919 10.942
6636.0733 10.935
6638.1547 10.935
6640.2360 10.944
6642.3174 10.953
6644.3988 10.956
6646.4801 10.954
6648.5615 10.952
6650.6428 10.957
6652.7242 10.959
6654.8056 10.959
6656.8869 10.954
6658.9683 10.951
6661.0497 10.954
6663.1310 10.959
6665.2124 10.964
6667.2937 10.969
6669.3751 10.972
6671.4565 10.975
6673.5378 10.981
6675.6192 10.991
6677.7005 10.994
6679.7819 10.990
6681.8633 10.982
6683.9446 10.971
6686.0260 10.967
6688.1074 10.961
6690.1887 10.955
6692.2701 10.950
6694.3514 10.955
6696.4328 10.958
6698.5142 10.957
6700.5955 10.953
6702.6769 10.954
6704.7583 10.957
6706.8396 10.960
6708.9210 10.962
6711.0023 10.963
6713.0837 10.957
6715.1651 10.956
6717.2464 10.960
6719.3278 10.972
6721.4092 10.977
6723.4905 10.977
6725.5719 10.974
6727.6532 10.967
6729.7346 10.967
6731.8160 10.972
6733.8973 10.979
6735.9787 10.985
6738.0601 10.989
6740.1414 10.985
6742.2228 10.977
6744.3041 10.970
6746.3855 10.967
6748.4669 10.967
6750.5482 10.968
6752.6296 10.968
6754.7109 10.967
6756.7923 10.967
6758.8737 10.966
6760.9550 10.964
6763.0364 10.964
6765.1178 10.964
6767.1991 10.967
6769.2805 10.973
6771.3618 10.983
6773.4432 10.986
6775.5246 10.990
6777.6059 10.992
6779.6873 10.993
6781.7687 10.987
6783.8500 10.981
6785.9314 10.976
6788.0127 10.970
6790.0941 10.963
6792.1755 10.962
6794.2568 10.965
6796.3382 10.969
6798.4196 10.969
6800.5009 10.968
6802.5823 10.970
6804.6636 10.973
6806.7450 10.976
6808.8264 10.975
6810.9077 10.971
6812.9891 10.967
6815.0705 10.965
6817.1518 10.961
6819.2332 10.956
6821.3145 10.954
6823.3959 10.960
6825.4773 10.974
6827.5586 10.986
6829.6400 10.994
6831.7214 10.997
6833.8027 10.999
6835.8841 10.997
6837.9654 10.994
6840.0468 10.988
6842.1282 10.982
6844.2095 10.978
6846.2909 10.976
6848.3722 10.973
6850.4536 10.969
6852.5350 10.969
6854.6163 10.974
6856.6977 10.981
6858.7791 10.990
6860.8604 11.015
6862.9418 11.054
6865.0231 11.104
6867.1045 11.161
6869.1859 11.209
6871.2672 11.232
6873.3486 11.229
6875.4300 11.202
6877.5113 11.159
6879.5927 11.125
6881.6740 11.105
6883.7554 11.099
6885.8368 11.110
6887.9181 11.118
6889.9995 11.122
6892.0809 11.123
6894.1622 11.117
6896.2436 11.106
6898.3249 11.095
6900.4063 11.085
6902.4877 11.075
6904.5690 11.067
6906.6504 11.062
6908.7318 11.057
6910.8131 11.049
6912.8945 11.038
6914.9758 11.026
6917.0572 11.015
6919.1386 11.007
6921.2199 11.006
6923.3013 11.014
6925.3827 11.024
6927.4640 11.033
6929.5454 11.036
6931.6267 11.031
6933.7081 11.028
6935.7895 11.027
6937.8708 11.027
6939.9522 11.033
6942.0335 11.035
6944.1149 11.036
6946.1963 11.039
6948.2776 11.045
6950.3590 11.044
6952.4404 11.039
6954.5217 11.032
6956.6031 11.027
6958.6844 11.029
6960.7658 11.031
6962.8472 11.030
6964.9285 11.027
6967.0099 11.022
6969.0913 11.016
6971.1726 11.011
6973.2540 11.017
6975.3353 11.024
6977.4167 11.025
6979.4981 11.022
6981.5794 11.013
6983.6608 11.013
6985.7422 11.018
6987.8235 11.022
6989.9049 11.023
6991.9862 11.024
6994.0676 11.025
6996.1490 11.025
6998.2303 11.023
7000.3117 11.023
7002.3931 11.020
7004.4744 11.017
7006.5558 11.016
7008.6371 11.015
7010.7185 11.016
7012.7999 11.016
7014.8812 11.015
7016.9626 11.013
7019.0439 11.011
7021.1253 11.008
7023.2067 11.004
7025.2880 11.000
7027.3694 10.998
7029.4508 11.000
7031.5321 11.004
7033.6135 11.006
7035.6948 11.004
7037.7762 11.004
7039.8576 11.004
7041.9389 11.006
7044.0203 11.010
7046.1017 11.021
7048.1830 11.034
7050.2644 11.044
7052.3457 11.043
7054.4271 11.032
7056.5085 11.030
7058.5898 11.038
7060.6712 11.057
7062.7526 11.062
7064.8339 11.056
7066.9153 11.042
7068.9966 11.030
7071.0780 11.028
7073.1594 11.030
7075.2407 11.031
7077.3221 11.027
7079.4035 11.025
7081.4848 11.024
7083.5662 11.025
7085.6475 11.026
7087.7289 11.022
7089.8103 11.017
7091.8916 11.016
7093.9730 11.019
7096.0544 11.022
7098.1357 11.020
7100.2171 11.014
7102.2984 11.005
7104.3798 11.002
7106.4612 11.007
7108.5425 11.012
7110.6239 11.017
7112.7052 11.027
7114.7866 11.038
7116.8680 11.048
7118.9493 11.057
7121.0307 11.062
7123.1121 11.061
7125.1934 11.059
7127.2748 11.056
7129.3561 11.053
7131.4375 11.051
7133.5189 11.048
7135.6002 11.042
7137.6816 11.033
7139.7630 11.028
7141.8443 11.025
7143.9257 11.030
7146.0070 11.043
7148.0884 11.062
7150.1698 11.069
7152.2511 11.070
7154.3325 11.069
7156.4139 11.068
7158.4952 11.068
7160.5766 11.067
7162.6579 11.068
7164.7393 11.069
7166.8207 11.081
7168.9020 11.095
7170.9834 11.104
7173.0648 11.105
7175.1461 11.104
7177.2275 11.116
7179.3088 11.136
7181.3902 11.160
7183.4716 11.177
7185.5529 11.176
7187.6343 11.169
7189.7156 11.163
7191.7970 11.165
7193.8784 11.166
7195.9597 11.166
7198.0411 11.165
7200.1225 11.167
7202.2038 11.162
7204.2852 11.148
7206.3665 11.127
7208.4479 11.103
7210.5293 11.088
7212.6106 11.080
7214.6920 11.077
7216.7734 11.079
7218.8547 11.083
7220.9361 11.093
7223.0174 11.103
7225.0988 11.111
7227.1802 11.119
7229.2615 11.136
7231.3429 11.153
7233.4243 11.164
7235.5056 11.155
7237.5870 11.140
7239.6683 11.127
7241.7497 11.116
7243.8311 11.108
7245.9124 11.116
7247.9938 11.128
7250.0752 11.141
7252.1565 11.151
7254.2379 11.148
7256.3192 11.153
7258.4006 11.165
7260.4820 11.181
7262.5633 11.182
7264.6447 11.169
7266.7261 11.156
7268.8074 11.145
7270.8888 11.138
7272.9701 11.141
7275.0515 11.145
7277.1329 11.146
7279.2142 11.146
7281.2956 11.137
7283.3769 11.125
7285.4583 11.116
7287.5397 11.114
7289.6210 11.122
7291.7024 11.122
7293.7838 11.116
7295.8651 11.108
7297.9465 11.109
7300.0278 11.121
7302.1092 11.139
7304.1906 11.158
7306.2719 11.163
7308.3533 11.158
7310.4347 11.149
7312.5160 11.140
7314.5974 11.136
7316.6787 11.142
7318.7601 11.147
7320.8415 11.145
7322.9228 11.135
7325.0042 11.121
7327.0856 11.107
7329.1669 11.095
7331.2483 11.091
7333.3296 11.098
7335.4110 11.095
7337.4924 11.090
7339.5737 11.091
7341.6551 11.093
7343.7365 11.090
7345.8178 11.089
7347.8992 11.090
7349.9805 11.093
7352.0619 11.089
7354.1433 11.083
7356.2246 11.080
7358.3060 11.086
7360.3874 11.091
7362.4687 11.101
7364.5501 11.116
7366.6314 11.131
7368.7128 11.137
7370.7942 11.138
7372.8755 11.137
7374.9569 11.137
7377.0382 11.139
7379.1196 11.136
7381.2010 11.132
7383.2823 11.129
7385.3637 11.127
7387.4451 11.120
7389.5264 11.112
7391.6078 11.107
7393.6891 11.114
7395.7705 11.123
7397.8519 11.123
7399.9332 11.114
7402.0146 11.101
7404.0960 11.105
7406.1773 11.113
7408.2587 11.124
7410.3400 11.134
7412.4214 11.142
7414.5028 11.142
7416.5841 11.135
7418.6655 11.128
7420.7469 11.123
7422.8282 11.118
7424.9096 11.114
7426.9909 11.115
7429.0723 11.114
7431.1537 11.113
7433.2350 11.114
7435.3164 11.117
7437.3978 11.114
7439.4791 11.115
7441.5605 11.115
7443.6418 11.112
7445.7232 11.105
7447.8046 11.104
7449.8859 11.107
7451.9673 11.115
7454.0486 11.125
7456.1300 11.135
7458.2114 11.139
7460.2927 11.139
7462.3741 11.135
7464.4555 11.131
7466.5368 11.125
7468.6182 11.122
7470.6995 11.124
7472.7809 11.136
7474.8623 11.134
7476.9436 11.122
7479.0250 11.103
7481.1064 11.088
7483.1877 11.088
7485.2691 11.098
7487.3504 11.114
7489.4318 11.126
7491.5132 11.129
7493.5945 11.127
7495.6759 11.126
7497.7573 11.134
7499.8386 11.154
7501.9200 11.165
7504.0013 11.164
7506.0827 11.151
7508.1641 11.145
7510.2454 11.146
7512.3268 11.147
7514.4082 11.144
7516.4895 11.134
7518.5709 11.131
7520.6522 11.135
7522.7336 11.148
7524.8150 11.160
7526.8963 11.158
7528.9777 11.153
7531.0591 11.151
7533.1404 11.163
7535.2218 11.168
7537.3031 11.166
7539.3845 11.164
7541.4659 11.166
7543.5472 11.168
7545.6286 11.157
7547.7099 11.142
7549.7913 11.131
7551.8727 11.135
7553.9540 11.149
7556.0354 11.162
7558.1168 11.165
7560.1981 11.161
7562.2795 11.156
7564.3608 11.160
7566.4422 11.175
7568.5236 11.201
7570.6049 11.216
7572.6863 11.217
7574.7677 11.209
7576.8490 11.200
7578.9304 11.211
7581.0117 11.217
7583.0931 11.219
7585.1745 11.224
7587.2558 11.254
7589.3372 11.320
7591.4186 11.433
7593.4999 11.601
7595.5813 11.786
7597.6626 11.968
7599.7440 12.127
7601.8254 12.249
7603.9067 12.297
7605.9881 12.286
7608.0695 12.221
7610.1508 12.103
7612.2322 11.937
7614.3135 11.794
7616.3949 11.695
7618.4763 11.649
7620.5576 11.673
7622.6390 11.737
7624.7203 11.795
7626.8017 11.835
7628.8831 11.845
7630.9644 11.830
7633.0458 11.816
7635.1272 11.796
7637.2085 11.764
7639.2899 11.723
7641.3712 11.691
7643.4526 11.661
7645.5340 11.632
7647.6153 11.599
7649.6967 11.554
7651.7781 11.504
7653.8594 11.454
7655.9408 11.404
7658.0221 11.369
7660.1035 11.337
7662.1849 11.307
7664.2662 11.287
7666.3476 11.275
7668.4290 11.261
7670.5103 11.250
7672.5917 11.250
7674.6730 11.254
7676.7544 11.249
7678.8358 11.234
7680.9171 11.210
7682.9985 11.190
7685.0799 11.187
7687.1612 11.198
7689.2426 11.220
7691.3239 11.224
7693.4053 11.229
7695.4867 11.232
7697.5680 11.233
7699.6494 11.229
7701.7308 11.234
7703.8121 11.232
7705.8935 11.223
7707.9748 11.212
7710.0562 11.213
7712.1376 11.214
7714.2189 11.212
7716.3003 11.207
7718.3816 11.199
7720.4630 11.204
7722.5444 11.217
7724.6257 11.230
7726.7071 11.219
7728.7885 11.209
7730.8698 11.207
7732.9512 11.219
7735.0325 11.227
7737.1139 11.221
7739.1953 11.209
7741.2766 11.195
7743.3580 11.188
7745.4394 11.191
7747.5207 11.193
7749.6021 11.194
7751.6834 11.196
7753.7648 11.207
7755.8462 11.216
7757.9275 11.222
7760.0089 11.222
7762.0903 11.215
7764.1716 11.206
7766.2530 11.200
7768.3343 11.204
7770.4157 11.215
7772.4971 11.223
7774.5784 11.231
7776.6598 11.240
7778.7412 11.238
7780.8225 11.243
7782.9039 11.251
7784.9852 11.261
7787.0666 11.268
7789.1480 11.265
7791.2293 11.253
7793.3107 11.236
7795.3920 11.223
7797.4734 11.230
7799.5548 11.232
7801.6361 11.228
7803.7175 11.221
7805.7989 11.236
7807.8802 11.245
7809.9616 11.244
7812.0429 11.234
7814.1243 11.247
7816.2057 11.247
7818.2870 11.238
7820.3684 11.222
7822.4498 11.221
7824.5311 11.234
7826.6125 11.244
7828.6938 11.245
7830.7752 11.232
7832.8566 11.222
7834.9379 11.228
7837.0193 11.247
7839.1007 11.271
7841.1820 11.267
7843.2634 11.260
7845.3447 11.249
7847.4261 11.229
7849.5075 11.224
7851.5888 11.221
7853.6702 11.220
7855.7516 11.218
7857.8329 11.215
7859.9143 11.211
7861.9956 11.211
7864.0770 11.217
7866.1584 11.220
7868.2397 11.219
7870.3211 11.225
7872.4025 11.239
7874.4838 11.251
7876.5652 11.251
7878.6465 11.239
7880.7279 11.219
7882.8093 11.202
7884.8906 11.203
7886.9720 11.209
7889.0533 11.216
7891.1347 11.218
7893.2161 11.216
7895.2974 11.221
7897.3788 11.226
7899.4602 11.227
7901.5415 11.227
7903.6229 11.217
7905.7042 11.206
7907.7856 11.201
7909.8670 11.203
7911.9483 11.199
7914.0297 11.201
7916.1111 11.210
7918.1924 11.220
7920.2738 11.232
7922.3551 11.244
7924.4365 11.251
7926.5179 11.247
7928.5992 11.227
7930.6806 11.219
7932.7620 11.221
7934.8433 11.224
7936.9247 11.222
7939.0060 11.217
7941.0874 11.208
7943.1688 11.197
7945.2501 11.191
7947.3315 11.201
7949.4129 11.218
7951.4942 11.237
7953.5756 11.247
7955.6569 11.248
7957.7383 11.246
7959.8197 11.242
7961.9010 11.248
7963.9824 11.253
7966.0638 11.251
7968.1451 11.242
7970.2265 11.228
7972.3078 11.235
7974.3892 11.247
7976.4706 11.259
7978.5519 11.270
7980.6333 11.261
7982.7146 11.252
7984.7960 11.248
7986.8774 11.252
7988.9587 11.252
7991.0401 11.254
7993.1215 11.262
7995.2028 11.275
7997.2842 11.275
7999.3655 11.265
8001.4469 11.254
8003.5283 11.246
8005.6096 11.254
8007.6910 11.261
8009.7724 11.260
8011.8537 11.251
8013.9351 11.236
8016.0164 11.227
8018.0978 11.234
8020.1792 11.251
8022.2605 11.270
8024.3419 11.248
8026.4233 11.230
8028.5046 11.230
8030.5860 11.252
8032.6673 11.265
8034.7487 11.271
8036.8301 11.278
8038.9114 11.288
8040.9928 11.306
8043.0742 11.316
8045.1555 11.320
8047.2369 11.318
8049.3182 11.313
8051.3996 11.301
8053.4810 11.294
8055.5623 11.295
8057.6437 11.312
8059.7250 11.320
8061.8064 11.307
8063.8878 11.289
8065.9691 11.284
8068.0505 11.284
8070.1319 11.289
8072.2132 11.301
8074.2946 11.319
8076.3759 11.333
8078.4573 11.340
8080.5387 11.340
8082.6200 11.335
8084.7014 11.320
8086.7828 11.299
8088.8641 11.275
8090.9455 11.252
8093.0268 11.236
8095.1082 11.263
8097.1896 11.296
8099.2709 11.322
8101.3523 11.329
8103.4337 11.327
8105.5150 11.322
8107.5964 11.310
8109.6777 11.285
8111.7591 11.265
8113.8405 11.268
8115.9218 11.286
8118.0032 11.315
8120.0846 11.343
8122.1659 11.367
8124.2473 11.385
8126.3286 11.396
8128.4100 11.394
8130.4914 11.397
8132.5727 11.408
8134.6541 11.422
8136.7355 11.424
8138.8168 11.391
8140.8982 11.361
8142.9795 11.344
8145.0609 11.349
8147.1423 11.357
8149.2236 11.366
8151.3050 11.375
8153.3863 11.385
8155.4677 11.405
8157.5491 11.409
8159.6304 11.405
8161.7118 11.399
8163.7932 11.408
8165.8745 11.415
8167.9559 11.416
8170.0372 11.409
8172.1186 11.388
8174.2000 11.384
8176.2813 11.393
8178.3627 11.405
8180.4441 11.402
8182.5254 11.400
8184.6068 11.401
8186.6881 11.406
8188.7695 11.418
8190.8509 11.413
8192.9322 11.410
8195.0136 11.416
8197.0950 11.433
8199.1763 11.444
8201.2577 11.439
8203.3390 11.425
8205.4204 11.402
8207.5018 11.363
8209.5831 11.341
8211.6645 11.339
8213.7459 11.359
8215.8272 11.404
8217.9086 11.443
8219.9899 11.456
8222.0713 11.450
8224.1527 11.453
8226.2340 11.478
8228.3154 11.501
8230.3967 11.519
8232.4781 11.533
8234.5595 11.523
8236.6408 11.516
8238.7222 11.505
8240.8036 11.483
8242.8849 11.456
8244.9663 11.424
8247.0476 11.393
8249.1290 11.369
8251.2104 11.377
8253.2917 11.411
8255.3731 11.453
8257.4545 11.489
8259.5358 11.491
8261.6172 11.487
8263.6985 11.502
8265.7799 11.531
8267.8613 11.544
8269.9426 11.521
8272.0240 11.483
8274.1054 11.442
8276.1867 11.411
8278.2681 11.402
8280.3494 11.408
8282.4308 11.429
8284.5122 11.466
8286.5935 11.477
8288.6749 11.473
8290.7563 11.482
8292.8376 11.512
8294.9190 11.522
8297.0003 11.519
8299.0817 11.531
8301.1631 11.568
8303.2444 11.624
8305.3258 11.610
8307.4072 11.572
8309.4885 11.530
8311.5699 11.517
8313.6512 11.533
8315.7326 11.564
8317.8140 11.591
8319.8953 11.595
8321.9767 11.611
8324.0580 11.611
8326.1394 11.589
8328.2208 11.538
8330.3021 11.503
8332.3835 11.507
8334.4649 11.530
8336.5462 11.559
8338.6276 11.567
8340.7089 11.535
8342.7903 11.481
8344.8717 11.422
8346.9530 11.403
8349.0344 11.408
8351.1158 11.435
8353.1971 11.479
8355.2785 11.536
8357.3598 11.576
8359.4412 11.586
8361.5226 11.552
8363.6039 11.456
8365.6853 11.423
8367.7667 11.406
8369.8480 11.425
8371.9294 11.498
8374.0107 11.588
8376.0921 11.609
8378.1735 11.579
8380.2548 11.503
8382.3362 11.346
