3142.6201 11.121
3144.7024 11.121
3146.7847 11.094
3148.8670 11.096
3150.9493 11.115
3153.0316 11.121
3155.1139 11.085
3157.1962 11.063
3159.2785 11.070
3161.3608 11.120
3163.4431 11.170
3165.5254 11.122
3167.6077 11.075
3169.6900 11.075
3171.7723 11.117
3173.8546 11.115
3175.9369 11.086
3178.0192 11.083
3180.1015 11.069
3182.1838 11.050
3184.2661 11.046
3186.3484 11.060
3188.4307 11.070
3190.5130 11.075
3192.5953 11.113
3194.6776 11.161
3196.7599 11.172
3198.8422 11.167
3200.9245 11.153
3203.0068 11.130
3205.0891 11.106
3207.1714 11.085
3209.2537 11.065
3211.3360 11.043
3213.4183 11.040
3215.5006 11.069
3217.5829 11.062
3219.6652 11.036
3221.7475 11.017
3223.8298 11.006
3225.9121 10.997
3227.9944 10.997
3230.0767 11.004
3232.1590 11.006
3234.2413 11.004
3236.3236 10.980
3238.4059 10.972
3240.4882 11.004
3242.5705 11.045
3244.6528 11.066
3246.7351 11.073
3248.8174 11.069
3250.8997 11.060
3252.9820 11.058
3255.0643 11.057
3257.1466 11.041
3259.2289 11.008
3261.3112 10.978
3263.3935 10.952
3265.4758 10.936
3267.5581 10.940
3269.6404 10.975
3271.7227 11.026
3273.8050 11.055
3275.8873 11.030
3277.9696 10.973
3280.0519 10.955
3282.1342 10.944
3284.2165 10.945
3286.2988 10.978
3288.3811 11.043
3290.4634 11.049
3292.5457 11.026
3294.6280 11.008
3296.7103 10.991
3298.7926 11.006
3300.8749 11.010
3302.9572 11.002
3305.0395 10.992
3307.1218 10.950
3309.2041 10.934
3311.2864 10.956
3313.3687 10.988
3315.4510 11.002
3317.5333 11.017
3319.6156 11.038
3321.6979 11.050
3323.7802 11.048
3325.8625 11.026
3327.9448 11.013
3330.0271 11.023
3332.1094 11.035
3334.1917 11.021
3336.2740 10.994
3338.3563 10.975
3340.4386 10.973
3342.5209 10.989
3344.6032 11.014
3346.6855 11.018
3348.7678 11.015
3350.8501 11.028
3352.9324 11.027
3355.0147 11.022
3357.0970 11.020
3359.1793 11.008
3361.2616 10.974
3363.3439 10.954
3365.4262 10.977
3367.5085 11.029
3369.5908 11.060
3371.6731 11.039
3373.7554 11.001
3375.8377 10.976
3377.9200 10.965
3380.0023 10.969
3382.0846 10.973
3384.1669 10.993
3386.2492 11.031
3388.3315 11.036
3390.4138 11.050
3392.4961 11.079
3394.5784 11.091
3396.6607 11.066
3398.7430 11.055
3400.8253 11.048
3402.9076 11.041
3404.9899 11.048
3407.0722 11.068
3409.1545 11.064
3411.2368 11.031
3413.3191 11.011
3415.4014 11.039
3417.4837 11.065
3419.5660 11.053
3421.6483 11.030
3423.7306 11.050
3425.8129 11.058
3427.8952 11.055
3429.9775 11.056
3432.0598 11.059
3434.1421 11.059
3436.2244 11.056
3438.3067 11.036
3440.3890 11.014
3442.4713 11.028
3444.5536 11.070
3446.6359 11.109
3448.7182 11.129
3450.8005 11.121
3452.8828 11.115
3454.9651 11.096
3457.0474 11.078
3459.1297 11.070
3461.2120 11.057
3463.2943 11.034
3465.3766 11.034
3467.4589 11.069
3469.5412 11.088
3471.6235 11.084
3473.7058 11.084
3475.7881 11.090
3477.8704 11.076
3479.9527 11.071
3482.0350 11.085
3484.1173 11.101
3486.1996 11.110
3488.2819 11.123
3490.3642 11.144
3492.4465 11.156
3494.5288 11.134
3496.6111 11.082
3498.6934 11.066
3500.7757 11.078
3502.8580 11.102
3504.9403 11.127
3507.0226 11.114
3509.1049 11.091
3511.1872 11.090
3513.2695 11.103
3515.3518 11.100
3517.4341 11.095
3519.5164 11.094
3521.5987 11.097
3523.6810 11.107
3525.7633 11.099
3527.8456 11.093
3529.9279 11.100
3532.0102 11.107
3534.0925 11.107
3536.1748 11.094
3538.2571 11.088
3540.3394 11.108
3542.4217 11.135
3544.5040 11.138
3546.5863 11.125
3548.6686 11.130
3550.7509 11.159
3552.8332 11.151
3554.9155 11.119
3556.9978 11.104
3559.0801 11.120
3561.1624 11.137
3563.2447 11.143
3565.3270 11.135
3567.4093 11.118
3569.4916 11.094
3571.5739 11.093
3573.6562 11.118
3575.7385 11.148
3577.8208 11.163
3579.9031 11.163
3581.9854 11.155
3584.0677 11.162
3586.1500 11.186
3588.2323 11.169
3590.3146 11.148
3592.3969 11.135
3594.4792 11.126
3596.5615 11.129
3598.6438 11.153
3600.7261 11.167
3602.8084 11.167
3604.8907 11.188
3606.9730 11.199
3609.0553 11.195
3611.1376 11.183
3613.2199 11.167
3615.3022 11.143
3617.3845 11.141
3619.4668 11.164
3621.5491 11.189
3623.6314 11.188
3625.7137 11.181
3627.7960 11.172
3629.8783 11.167
3631.9606 11.180
3634.0429 11.199
3636.1252 11.206
3638.2075 11.203
3640.2898 11.197
3642.3721 11.181
3644.4544 11.171
3646.5367 11.169
3648.6190 11.172
3650.7013 11.182
3652.7836 11.191
3654.8659 11.195
3656.9482 11.189
3659.0305 11.176
3661.1128 11.174
3663.1951 11.173
3665.2774 11.164
3667.3597 11.147
3669.4420 11.126
3671.5243 11.117
3673.6066 11.134
3675.6889 11.169
3677.7712 11.183
3679.8535 11.172
3681.9358 11.162
3684.0181 11.170
3686.1004 11.181
3688.1827 11.184
3690.2650 11.190
3692.3473 11.188
3694.4296 11.175
3696.5119 11.175
3698.5942 11.195
3700.6765 11.216
3702.7588 11.213
3704.8411 11.183
3706.9234 11.178
3709.0057 11.199
3711.0880 11.215
3713.1703 11.203
3715.2526 11.192
3717.3349 11.176
3719.4172 11.144
3721.4995 11.121
3723.5818 11.158
3725.6641 11.182
3727.7464 11.192
3729.8287 11.210
3731.9110 11.219
3733.9933 11.211
3736.0756 11.204
3738.1579 11.205
3740.2402 11.199
3742.3225 11.188
3744.4048 11.198
3746.4871 11.221
3748.5694 11.228
3750.6517 11.214
3752.7340 11.212
3754.8163 11.215
3756.8986 11.219
3758.9809 11.237
3761.0632 11.250
3763.1455 11.254
3765.2278 11.257
3767.3101 11.262
3769.3924 11.264
3771.4747 11.250
3773.5570 11.228
3775.6393 11.212
3777.7216 11.205
3779.8039 11.210
3781.8862 11.227
3783.9685 11.237
3786.0508 11.230
3788.1331 11.234
3790.2154 11.246
3792.2977 11.256
3794.3800 11.266
3796.4623 11.252
3798.5446 11.144
3800.6269 11.036
3802.7092 11.084
3804.7915 11.193
3806.8738 11.272
3808.9561 11.245
3811.0384 11.199
3813.1207 11.172
3815.2030 11.190
3817.2853 11.208
3819.3676 11.172
3821.4499 11.142
3823.5322 11.155
3825.6145 11.196
3827.6968 11.213
3829.7791 11.192
3831.8614 11.143
3833.9437 11.111
3836.0260 11.175
3838.1083 11.262
3840.1906 11.283
3842.2729 11.265
3844.3552 11.238
3846.4375 11.219
3848.5198 11.218
3850.6021 11.233
3852.6844 11.249
3854.7667 11.243
3856.8490 11.227
3858.9313 11.200
3861.0136 11.157
3863.0959 11.152
3865.1782 11.191
3867.2605 11.224
3869.3428 11.224
3871.4251 11.211
3873.5074 11.228
3875.5897 11.285
3877.6720 11.343
3879.7543 11.373
3881.8366 11.377
3883.9189 11.368
3886.0012 11.354
3888.0835 11.334
3890.1658 11.314
3892.2481 11.297
3894.3304 11.241
3896.4127 11.133
3898.4950 11.072
3900.5773 11.111
3902.6596 11.184
3904.7419 11.219
3906.8242 11.214
3908.9065 11.228
3910.9888 11.272
3913.0711 11.297
3915.1534 11.290
3917.2357 11.277
3919.3180 11.278
3921.4003 11.278
3923.4826 11.253
3925.5649 11.234
3927.6472 11.239
3929.7295 11.249
3931.8118 11.262
3933.8941 11.294
3935.9764 11.333
3938.0587 11.350
3940.1410 11.333
3942.2233 11.313
3944.3056 11.316
3946.3879 11.328
3948.4702 11.329
3950.5525 11.315
3952.6348 11.293
3954.7171 11.276
3956.7994 11.305
3958.8817 11.376
3960.9640 11.432
3963.0463 11.456
3965.1286 11.482
3967.2109 11.509
3969.2932 11.519
3971.3755 11.530
3973.4578 11.546
3975.5401 11.506
3977.6224 11.401
3979.7047 11.331
3981.7870 11.329
3983.8693 11.344
3985.9516 11.337
3988.0339 11.306
3990.1162 11.282
3992.1985 11.283
3994.2808 11.291
3996.3631 11.298
3998.4454 11.291
4000.5277 11.278
4002.6100 11.283
4004.6923 11.297
4006.7746 11.292
4008.8569 11.267
4010.9392 11.246
4013.0215 11.247
4015.1038 11.256
4017.1861 11.254
4019.2684 11.270
4021.3507 11.306
4023.4330 11.342
4025.5153 11.366
4027.5976 11.347
4029.6799 11.272
4031.7622 11.185
4033.8445 11.169
4035.9268 11.213
4038.0091 11.254
4040.0914 11.273
4042.1737 11.277
4044.2560 11.278
4046.3383 11.282
4048.4206 11.280
4050.5029 11.268
4052.5852 11.253
4054.6675 11.267
4056.7498 11.298
4058.8321 11.299
4060.9144 11.287
4062.9967 11.291
4065.0790 11.287
4067.1613 11.280
4069.2436 11.298
4071.3259 11.309
4073.4082 11.290
4075.4905 11.279
4077.5728 11.296
4079.6551 11.316
4081.7374 11.341
4083.8197 11.368
4085.9020 11.380
4087.9843 11.381
4090.0666 11.385
4092.1489 11.413
4094.2312 11.465
4096.3135 11.528
4098.3958 11.570
4100.4781 11.568
4102.5604 11.538
4104.6427 11.504
4106.7250 11.475
4108.8073 11.458
4110.8896 11.437
4112.9719 11.415
4115.0542 11.396
4117.1365 11.378
4119.2188 11.366
4121.3011 11.357
4123.3834 11.344
4125.4657 11.326
4127.5480 11.308
4129.6303 11.301
4131.7126 11.314
4133.7949 11.332
4135.8772 11.341
4137.9595 11.350
4140.0418 11.364
4142.1241 11.362
4144.2064 11.350
4146.2887 11.327
4148.3710 11.297
4150.4533 11.288
4152.5356 11.309
4154.6179 11.340
4156.7002 11.366
4158.7825 11.365
4160.8648 11.346
4162.9471 11.336
4165.0294 11.341
4167.1117 11.331
4169.1940 11.311
4171.2763 11.307
4173.3586 11.315
4175.4409 11.315
4177.5232 11.311
4179.6055 11.317
4181.6878 11.331
4183.7701 11.343
4185.8523 11.351
4187.9346 11.359
4190.0169 11.358
4192.0992 11.355
4194.1815 11.359
4196.2638 11.353
4198.3461 11.335
4200.4284 11.338
4202.5107 11.356
4204.5930 11.366
4206.6753 11.369
4208.7576 11.363
4210.8399 11.349
4212.9222 11.347
4215.0045 11.354
4217.0868 11.350
4219.1691 11.341
4221.2514 11.350
4223.3337 11.370
4225.4160 11.369
4227.4983 11.360
4229.5806 11.352
4231.6629 11.343
4233.7452 11.354
4235.8275 11.380
4237.9098 11.385
4239.9921 11.355
4242.0744 11.330
4244.1567 11.346
4246.2390 11.377
4248.3213 11.389
4250.4036 11.384
4252.4859 11.375
4254.5682 11.372
4256.6505 11.378
4258.7328 11.388
4260.8151 11.392
4262.8974 11.392
4264.9797 11.391
4267.0620 11.389
4269.1443 11.389
4271.2266 11.393
4273.3089 11.391
4275.3912 11.381
4277.4735 11.381
4279.5558 11.395
4281.6381 11.400
4283.7204 11.384
4285.8027 11.371
4287.8850 11.376
4289.9673 11.389
4292.0496 11.400
4294.1319 11.410
4296.2142 11.406
4298.2965 11.394
4300.3788 11.388
4302.4611 11.390
4304.5434 11.400
4306.6257 11.412
4308.7080 11.412
4310.7903 11.407
4312.8726 11.414
4314.9549 11.429
4317.0372 11.434
4319.1195 11.437
4321.2018 11.457
4323.2841 11.490
4325.3664 11.516
4327.4487 11.535
4329.5310 11.552
4331.6133 11.571
4333.6956 11.604
4335.7779 11.651
4337.8602 11.677
4339.9425 11.662
4342.0248 11.639
4344.1071 11.613
4346.1894 11.579
4348.2717 11.543
4350.3540 11.515
4352.4363 11.491
4354.5186 11.473
4356.6009 11.461
4358.6832 11.447
4360.7655 11.433
4362.8478 11.428
4364.9301 11.431
4367.0124 11.432
4369.0947 11.439
4371.1770 11.450
4373.2593 11.452
4375.3416 11.442
4377.4239 11.436
4379.5062 11.438
4381.5885 11.441
4383.6708 11.439
4385.7531 11.429
4387.8354 11.417
4389.9177 11.418
4392.0000 11.434
4394.0823 11.444
4396.1646 11.440
4398.2469 11.437
4400.3292 11.439
4402.4115 11.429
4404.4938 11.422
4406.5761 11.431
4408.6584 11.437
4410.7407 11.438
4412.8230 11.447
4414.9053 11.451
4416.9876 11.447
4419.0699 11.445
4421.1522 11.448
4423.2345 11.443
4425.3168 11.435
4427.3991 11.430
4429.4814 11.432
4431.5637 11.435
4433.6460 11.435
4435.7283 11.434
4437.8106 11.436
4439.8929 11.445
4441.9752 11.457
4444.0575 11.463
4446.1398 11.459
4448.2221 11.458
4450.3044 11.461
4452.3867 11.460
4454.4690 11.460
4456.5513 11.469
4458.6336 11.479
4460.7159 11.483
4462.7982 11.483
4464.8805 11.485
4466.9628 11.495
4469.0451 11.500
4471.1274 11.494
4473.2097 11.488
4475.2920 11.495
4477.3743 11.506
4479.4566 11.508
4481.5389 11.502
4483.6212 11.493
4485.7035 11.483
4487.7858 11.475
4489.8681 11.476
4491.9504 11.478
4494.0327 11.473
4496.1150 11.479
4498.1973 11.500
4500.2796 11.511
4502.3619 11.500
4504.4442 11.490
4506.5265 11.488
4508.6088 11.489
4510.6911 11.493
4512.7734 11.502
4514.8557 11.503
4516.9380 11.493
4519.0203 11.482
4521.1026 11.480
4523.1849 11.487
4525.2672 11.498
4527.3495 11.506
4529.4318 11.509
4531.5141 11.507
4533.5964 11.515
4535.6787 11.534
4537.7610 11.544
4539.8433 11.536
4541.9256 11.523
4544.0079 11.509
4546.0902 11.499
4548.1725 11.494
4550.2548 11.491
4552.3371 11.492
4554.4194 11.496
4556.5017 11.497
4558.5840 11.492
4560.6663 11.491
4562.7486 11.489
4564.8309 11.491
4566.9132 11.500
4568.9955 11.517
4571.0778 11.528
4573.1601 11.528
4575.2424 11.525
4577.3247 11.521
4579.4070 11.512
4581.4893 11.502
4583.5716 11.495
4585.6539 11.493
4587.7362 11.497
4589.8185 11.507
4591.9008 11.513
4593.9831 11.514
4596.0654 11.510
4598.1477 11.509
4600.2300 11.509
4602.3123 11.507
4604.3946 11.515
4606.4769 11.525
4608.5592 11.521
4610.6415 11.511
4612.7238 11.514
4614.8061 11.521
4616.8884 11.528
4618.9707 11.534
4621.0530 11.533
4623.1353 11.526
4625.2176 11.527
4627.2999 11.539
4629.3822 11.548
4631.4645 11.543
4633.5468 11.535
4635.6291 11.532
4637.7114 11.536
4639.7937 11.543
4641.8760 11.542
4643.9583 11.539
4646.0406 11.540
4648.1229 11.545
4650.2052 11.551
4652.2875 11.554
4654.3698 11.553
4656.4521 11.546
4658.5344 11.537
4660.6167 11.534
4662.6990 11.542
4664.7813 11.545
4666.8636 11.543
4668.9459 11.543
4671.0282 11.542
4673.1105 11.544
4675.1928 11.562
4677.2751 11.589
4679.3574 11.611
4681.4397 11.630
4683.5220 11.644
4685.6043 11.640
4687.6866 11.623
4689.7689 11.605
4691.8512 11.587
4693.9335 11.565
4696.0158 11.555
4698.0981 11.560
4700.1804 11.565
4702.2627 11.562
4704.3450 11.562
4706.4273 11.557
4708.5096 11.542
4710.5919 11.539
4712.6742 11.553
4714.7565 11.569
4716.8388 11.579
4718.9211 11.587
4721.0034 11.582
4723.0857 11.565
4725.1680 11.553
4727.2503 11.553
4729.3326 11.559
4731.4149 11.556
4733.4972 11.556
4735.5795 11.569
4737.6618 11.585
4739.7441 11.591
4741.8264 11.581
4743.9087 11.566
4745.9910 11.557
4748.0733 11.564
4750.1556 11.578
4752.2379 11.588
4754.3202 11.595
4756.4025 11.596
4758.4848 11.593
4760.5671 11.598
4762.6494 11.607
4764.7317 11.597
4766.8140 11.585
4768.8963 11.578
4770.9786 11.572
4773.0609 11.572
4775.1432 11.586
4777.2255 11.600
4779.3078 11.604
4781.3901 11.598
4783.4724 11.596
4785.5547 11.598
4787.6370 11.601
4789.7193 11.608
4791.8016 11.614
4793.8839 11.614
4795.9662 11.611
4798.0485 11.607
4800.1308 11.605
4802.2131 11.610
4804.2954 11.620
4806.3777 11.618
4808.4600 11.604
4810.5423 11.596
4812.6246 11.592
4814.7069 11.587
4816.7892 11.597
4818.8715 11.610
4820.9538 11.606
4823.0361 11.600
4825.1184 11.604
4827.2007 11.604
4829.2830 11.602
4831.3653 11.606
4833.4476 11.617
4835.5299 11.626
4837.6122 11.629
4839.6945 11.640
4841.7768 11.659
4843.8591 11.682
4845.9414 11.705
4848.0237 11.728
4850.1060 11.762
4852.1883 11.806
4854.2706 11.843
4856.3529 11.866
4858.4352 11.884
4860.5175 11.892
4862.5998 11.880
4864.6821 11.855
4866.7644 11.827
4868.8467 11.793
4870.9290 11.751
4873.0113 11.714
4875.0936 11.700
4877.1759 11.691
4879.2582 11.682
4881.3405 11.678
4883.4228 11.679
4885.5051 11.682
4887.5874 11.685
4889.6697 11.685
4891.7520 11.676
4893.8343 11.670
4895.9166 11.666
4897.9989 11.652
4900.0812 11.633
4902.1635 11.634
4904.2458 11.646
4906.3281 11.647
4908.4104 11.645
4910.4927 11.653
4912.5750 11.662
4914.6573 11.668
4916.7396 11.670
4918.8219 11.667
4920.9042 11.667
4922.9865 11.672
4925.0688 11.670
4927.1511 11.657
4929.2334 11.645
4931.3157 11.650
4933.3980 11.666
4935.4803 11.671
4937.5626 11.663
4939.6449 11.654
4941.7272 11.649
4943.8095 11.657
4945.8918 11.676
4947.9741 11.679
4950.0564 11.673
4952.1387 11.675
4954.2210 11.681
4956.3033 11.679
4958.3856 11.681
4960.4679 11.679
4962.5502 11.665
4964.6325 11.658
4966.7148 11.664
4968.7971 11.670
4970.8794 11.669
4972.9617 11.673
4975.0440 11.683
4977.1263 11.692
4979.2086 11.708
4981.2909 11.719
4983.3732 11.702
4985.4555 11.679
4987.5378 11.675
4989.6201 11.668
4991.7024 11.649
4993.7847 11.652
4995.8670 11.668
4997.9493 11.674
5000.0316 11.671
5002.1139 11.676
5004.1962 11.678
5006.2785 11.676
5008.3608 11.683
5010.4431 11.684
5012.5254 11.677
5014.6077 11.682
5016.6900 11.695
5018.7723 11.687
5020.8546 11.681
5022.9369 11.694
5025.0192 11.709
5027.1015 11.715
5029.1838 11.725
5031.2661 11.725
5033.3484 11.714
5035.4307 11.710
5037.5130 11.710
5039.5953 11.702
5041.6776 11.696
5043.7599 11.694
5045.8422 11.690
5047.9245 11.688
5050.0068 11.699
5052.0891 11.709
5054.1714 11.705
5056.2537 11.705
5058.3360 11.708
5060.4183 11.709
5062.5006 11.714
5064.5829 11.723
5066.6652 11.715
5068.7475 11.703
5070.8298 11.714
5072.9121 11.725
5074.9944 11.716
5077.0767 11.712
5079.1590 11.717
5081.2413 11.708
5083.3236 11.701
5085.4059 11.706
5087.4882 11.721
5089.5705 11.731
5091.6528 11.719
5093.7351 11.706
5095.8174 11.708
5097.8997 11.712
5099.9820 11.719
5102.0643 11.735
5104.1466 11.745
5106.2289 11.745
5108.3112 11.739
5110.3935 11.731
5112.4758 11.732
5114.5581 11.731
5116.6404 11.720
5118.7227 11.724
5120.8050 11.746
5122.8873 11.751
5124.9696 11.743
5127.0519 11.742
5129.1342 11.745
5131.2165 11.747
5133.2988 11.751
5135.3811 11.762
5137.4634 11.770
5139.5457 11.767
5141.6280 11.763
5143.7103 11.760
5145.7926 11.747
5147.8749 11.740
5149.9572 11.748
5152.0395 11.754
5154.1218 11.754
5156.2041 11.748
5158.2864 11.746
5160.3687 11.760
5162.4510 11.772
5164.5333 11.754
5166.6156 11.735
5168.6979 11.735
5170.7802 11.749
5172.8625 11.759
5174.9448 11.762
5177.0271 11.766
5179.1094 11.757
5181.1917 11.729
5183.2740 11.714
5185.3563 11.725
5187.4386 11.753
5189.5209 11.769
5191.6032 11.753
5193.6855 11.741
5195.7678 11.752
5197.8501 11.751
5199.9324 11.731
5202.0147 11.731
5204.0970 11.750
5206.1793 11.755
5208.2616 11.742
5210.3439 11.738
5212.4262 11.748
5214.5085 11.761
5216.5908 11.772
5218.6731 11.780
5220.7554 11.780
5222.8377 11.777
5224.9200 11.782
5227.0023 11.783
5229.0846 11.779
5231.1669 11.779
5233.2492 11.779
5235.3315 11.781
5237.4138 11.781
5239.4961 11.769
5241.5784 11.766
5243.6607 11.784
5245.7430 11.801
5247.8253 11.798
5249.9076 11.772
5251.9899 11.761
5254.0722 11.782
5256.1545 11.804
5258.2368 11.813
5260.3191 11.804
5262.4014 11.796
5264.4837 11.799
5266.5660 11.788
5268.6483 11.775
5270.7306 11.785
5272.8129 11.789
5274.8952 11.777
5276.9775 11.774
5279.0598 11.788
5281.1421 11.797
5283.2244 11.788
5285.3067 11.774
5287.3890 11.765
5289.4713 11.767
5291.5536 11.789
5293.6359 11.804
5295.7182 11.797
5297.8005 11.790
5299.8828 11.795
5301.9651 11.802
5304.0474 11.802
5306.1297 11.804
5308.2120 11.806
5310.2943 11.802
5312.3766 11.803
5314.4589 11.814
5316.5412 11.816
5318.6235 11.811
5320.7058 11.806
5322.7881 11.796
5324.8704 11.796
5326.9527 11.809
5329.0350 11.810
5331.1173 11.806
5333.1996 11.802
5335.2819 11.789
5337.3642 11.797
5339.4465 11.815
5341.5288 11.810
5343.6111 11.802
5345.6934 11.810
5347.7757 11.816
5349.8580 11.804
5351.9403 11.781
5354.0226 11.774
5356.1049 11.785
5358.1872 11.807
5360.2695 11.820
5362.3518 11.820
5364.4341 11.822
5366.5164 11.824
5368.5987 11.830
5370.6810 11.846
5372.7633 11.857
5374.8456 11.868
5376.9279 11.860
5379.0102 11.853
5381.0925 11.863
5383.1748 11.862
5385.2571 11.844
5387.3394 11.837
5389.4217 11.837
5391.5040 11.846
5393.5863 11.849
5395.6686 11.843
5397.7509 11.854
5399.8332 11.862
5401.9155 11.857
5403.9978 11.868
5406.0801 11.907
5408.1624 11.923
5410.2447 11.925
5412.3270 11.930
5414.4093 11.929
5416.4916 11.909
5418.5739 11.884
5420.6562 11.858
5422.7385 11.833
5424.8208 11.828
5426.9031 11.845
5428.9854 11.855
5431.0677 11.840
5433.1500 11.825
5435.2323 11.836
5437.3146 11.854
5439.3969 11.871
5441.4792 11.876
5443.5615 11.865
5445.6438 11.848
5447.7261 11.841
5449.8084 11.838
5451.8907 11.832
5453.9730 11.825
5456.0553 11.827
5458.1376 11.837
5460.2199 11.848
5462.3022 11.857
5464.3845 11.868
5466.4668 11.875
5468.5491 11.870
5470.6314 11.873
5472.7137 11.889
5474.7960 11.896
5476.8783 11.888
5478.9606 11.878
5481.0429 11.874
5483.1252 11.872
5485.2075 11.872
5487.2898 11.875
5489.3721 11.871
5491.4544 11.869
5493.5367 11.865
5495.6190 11.871
5497.7013 11.875
5499.7836 11.875
5501.8659 11.871
5503.9482 11.868
5506.0305 11.867
5508.1128 11.865
5510.1951 11.868
5512.2774 11.876
5514.3597 11.880
5516.4420 11.870
5518.5243 11.869
5520.6066 11.872
5522.6889 11.864
5524.7712 11.865
5526.8535 11.876
5528.9358 11.879
5531.0181 11.872
5533.1004 11.866
5535.1827 11.874
5537.2650 11.895
5539.3473 11.910
5541.4296 11.907
5543.5119 11.897
5545.5942 11.884
5547.6765 11.874
5549.7588 11.865
5551.8411 11.873
5553.9234 11.891
5556.0057 11.891
5558.0880 11.876
5560.1703 11.867
5562.2526 11.862
5564.3349 11.857
5566.4172 11.840
5568.4995 11.831
5570.5818 11.841
5572.6641 11.847
5574.7464 11.854
5576.8287 11.865
5578.9110 11.864
5580.9933 11.848
5583.0756 11.848
5585.1579 11.868
5587.2402 11.890
5589.3225 11.903
5591.4048 11.904
5593.4871 11.896
5595.5694 11.902
5597.6517 11.927
5599.7340 11.944
5601.8163 11.955
5603.8986 11.958
5605.9809 11.952
5608.0632 11.949
5610.1455 11.942
5612.2278 11.922
5614.3101 11.893
5616.3924 11.874
5618.4747 11.871
5620.5570 11.882
5622.6393 11.893
5624.7216 11.893
5626.8039 11.901
5628.8862 11.918
5630.9685 11.926
5633.0508 11.924
5635.1331 11.915
5637.2154 11.917
5639.2977 11.923
5641.3800 11.917
5643.4623 11.915
5645.5446 11.932
5647.6269 11.943
5649.7092 11.936
5651.7915 11.935
5653.8738 11.926
5655.9561 11.904
5658.0384 11.898
5660.1207 11.906
5662.2030 11.926
5664.2853 11.931
5666.3676 11.926
5668.4499 11.924
5670.5322 11.940
5672.6145 11.957
5674.6968 11.949
5676.7791 11.938
5678.8614 11.943
5680.9437 11.958
5683.0260 11.967
5685.1083 11.966
5687.1906 11.968
5689.2729 11.979
5691.3552 11.983
5693.4375 11.960
5695.5198 11.938
5697.6021 11.925
5699.6844 11.915
5701.7667 11.918
5703.8490 11.921
5705.9313 11.925
5708.0136 11.933
5710.0959 11.948
5712.1782 11.956
5714.2605 11.966
5716.3428 11.972
5718.4251 11.965
5720.5074 11.965
5722.5897 11.966
5724.6720 11.965
5726.7543 11.964
5728.8366 11.970
5730.9189 11.968
5733.0012 11.967
5735.0835 11.961
5737.1658 11.953
5739.2481 11.943
5741.3304 11.942
5743.4127 11.949
5745.4950 11.959
5747.5773 11.962
5749.6596 11.958
5751.7419 11.953
5753.8242 11.959
5755.9065 11.968
5757.9888 11.967
5760.0711 11.966
5762.1534 11.978
5764.2357 11.994
5766.3180 11.987
5768.4003 11.964
5770.4826 11.962
5772.5649 11.966
5774.6472 11.976
5776.7295 11.985
5778.8118 11.989
5780.8941 11.984
5782.9764 11.985
5785.0587 11.988
5787.1410 11.987
5789.2233 11.986
5791.3056 11.990
5793.3879 11.992
5795.4702 12.000
5797.5525 12.023
5799.6348 12.019
5801.7171 11.993
5803.7994 11.979
5805.8817 11.990
5807.9640 11.985
5810.0463 11.969
5812.1286 11.966
5814.2109 11.970
5816.2932 11.977
5818.3755 11.982
5820.4578 11.978
5822.5401 11.979
5824.6224 11.977
5826.7047 11.963
5828.7870 11.950
5830.8693 11.959
5832.9516 11.972
5835.0339 11.987
5837.1162 12.003
5839.1985 12.010
5841.2808 12.012
5843.3631 12.005
5845.4454 11.992
5847.5277 11.982
5849.6100 11.988
5851.6923 11.997
5853.7746 12.000
5855.8569 11.993
5857.9392 11.995
5860.0215 12.009
5862.1038 12.027
5864.1861 12.033
5866.2684 12.028
5868.3507 12.027
5870.4330 12.034
5872.5153 12.034
5874.5976 12.025
5876.6799 12.018
5878.7622 12.012
5880.8445 11.999
5882.9268 11.996
5885.0091 12.005
5887.0914 11.997
5889.1737 11.988
5891.2560 11.998
5893.3383 12.018
5895.4206 12.021
5897.5029 12.026
5899.5852 12.033
5901.6675 12.026
5903.7498 12.011
5905.8321 12.011
5907.9144 12.003
5909.9967 12.008
5912.0790 12.022
5914.1613 12.024
5916.2436 12.019
5918.3259 12.024
5920.4082 12.031
5922.4905 12.013
5924.5728 11.995
5926.6551 12.015
5928.7374 12.047
5930.8197 12.067
5932.9020 12.075
5934.9843 12.071
5937.0666 12.062
5939.1489 12.067
5941.2312 12.076
5943.3135 12.078
5945.3958 12.079
5947.4781 12.082
5949.5604 12.082
5951.6427 12.078
5953.7250 12.088
5955.8073 12.064
5957.8896 12.037
5959.9719 12.026
5962.0542 12.048
5964.1365 12.050
5966.2188 12.047
5968.3011 12.053
5970.3834 12.087
5972.4657 12.069
5974.5480 12.052
5976.6303 12.048
5978.7126 12.061
5980.7949 12.060
5982.8772 12.041
5984.9595 12.017
5987.0418 12.013
5989.1241 12.006
5991.2064 12.013
5993.2887 12.032
5995.3710 12.058
5997.4533 12.047
5999.5356 12.065
6001.6179 12.089
6003.7002 12.094
6005.7825 12.073
6007.8648 12.057
6009.9471 12.043
6012.0294 12.032
6014.1117 12.044
6016.1940 12.062
6018.2763 12.075
6020.3586 12.078
6022.4409 12.087
6024.5232 12.080
6026.6055 12.059
6028.6878 12.028
6030.7701 11.989
6032.8524 12.011
6034.9347 12.046
6037.0170 12.071
6039.0993 12.057
6041.1816 12.060
6043.2639 12.079
6045.3462 12.102
6047.4285 12.112
6049.5108 12.104
6051.5931 12.100
6053.6754 12.100
6055.7577 12.105
6057.8400 12.077
6059.9223 12.077
6062.0046 12.091
6064.0869 12.110
6066.1692 12.105
6068.2515 12.102
6070.3338 12.099
6072.4161 12.098
6074.4984 12.117
6076.5807 12.106
6078.6630 12.090
6080.7453 12.080
6082.8276 12.080
6084.9099 12.061
6086.9922 12.049
6089.0745 12.055
6091.1568 12.090
6093.2391 12.123
6095.3214 12.138
6097.4037 12.135
6099.4860 12.121
6101.5683 12.101
6103.6506 12.090
6105.7329 12.093
6107.8152 12.114
6109.8975 12.108
6111.9798 12.080
6114.0621 12.062
6116.1444 12.083
6118.2267 12.092
6120.3090 12.094
6122.3913 12.095
6124.4736 12.097
6126.5559 12.103
6128.6382 12.125
6130.7205 12.134
6132.8028 12.127
6134.8851 12.137
6136.9674 12.145
6139.0497 12.138
6141.1320 12.122
6143.2143 12.122
6145.2966 12.114
6147.3789 12.103
6149.4612 12.096
6151.5435 12.110
6153.6258 12.142
6155.7081 12.167
6157.7904 12.165
6159.8727 12.118
6161.9550 12.106
6164.0373 12.116
6166.1196 12.127
6168.2019 12.120
6170.2842 12.110
6172.3665 12.114
6174.4488 12.128
6176.5311 12.147
6178.6134 12.144
6180.6957 12.137
6182.7780 12.141
6184.8603 12.156
6186.9426 12.123
6189.0249 12.118
6191.1072 12.130
6193.1895 12.151
6195.2718 12.151
6197.3541 12.147
6199.4364 12.154
6201.5187 12.168
6203.6010 12.173
6205.6833 12.178
6207.7656 12.170
6209.8479 12.153
6211.9302 12.135
6214.0125 12.146
6216.0948 12.159
6218.1771 12.172
6220.2594 12.187
6222.3417 12.156
6224.4240 12.129
6226.5063 12.112
6228.5886 12.111
6230.6709 12.126
6232.7532 12.127
6234.8355 12.110
6236.9178 12.078
6239.0001 12.095
6241.0824 12.096
6243.1647 12.090
6245.2470 12.084
6247.3293 12.107
6249.4116 12.092
6251.4939 12.087
6253.5762 12.107
6255.6585 12.162
6257.7408 12.197
6259.8231 12.197
6261.9054 12.170
6263.9877 12.140
6266.0700 12.138
6268.1522 12.147
6270.2345 12.160
6272.3168 12.161
6274.3991 12.183
6276.4814 12.200
6278.5637 12.216
6280.6460 12.233
6282.7283 12.255
6284.8106 12.255
6286.8929 12.251
6288.9752 12.255
6291.0575 12.236
6293.1398 12.226
6295.2221 12.222
6297.3044 12.217
6299.3867 12.173
6301.4690 12.160
6303.5513 12.161
6305.6336 12.168
6307.7159 12.176
6309.7982 12.198
6311.8805 12.201
6313.9628 12.189
6316.0451 12.181
6318.1274 12.189
6320.2097 12.196
6322.2920 12.199
6324.3743 12.193
6326.4566 12.184
6328.5389 12.178
6330.6212 12.180
6332.7035 12.192
6334.7858 12.188
6336.8681 12.183
6338.9504 12.185
6341.0327 12.200
6343.1150 12.189
6345.1973 12.169
6347.2796 12.160
6349.3619 12.172
6351.4442 12.182
6353.5265 12.189
6355.6088 12.193
6357.6911 12.198
6359.7734 12.217
6361.8557 12.215
6363.9380 12.217
6366.0203 12.223
6368.1026 12.210
6370.1849 12.188
6372.2672 12.193
6374.3495 12.212
6376.4318 12.205
6378.5141 12.205
6380.5964 12.208
6382.6787 12.206
6384.7610 12.185
6386.8433 12.209
6388.9256 12.209
6391.0079 12.194
6393.0902 12.180
6395.1725 12.188
6397.2548 12.183
6399.3371 12.179
6401.4194 12.185
6403.5017 12.185
6405.5840 12.178
6407.6663 12.175
6409.7486 12.177
6411.8309 12.158
6413.9132 12.166
6415.9955 12.176
6418.0778 12.178
6420.1601 12.165
6422.2424 12.207
6424.3247 12.232
6426.4070 12.233
6428.4893 12.231
6430.5716 12.235
6432.6539 12.222
6434.7362 12.206
6436.8185 12.212
6438.9008 12.206
6440.9831 12.194
6443.0654 12.188
6445.1477 12.198
6447.2300 12.204
6449.3123 12.214
6451.3946 12.220
6453.4769 12.214
6455.5592 12.190
6457.6415 12.201
6459.7238 12.217
6461.8061 12.221
6463.8884 12.214
6465.9707 12.224
6468.0530 12.242
6470.1353 12.257
6472.2176 12.236
6474.2999 12.206
6476.3822 12.193
6478.4645 12.204
6480.5468 12.238
6482.6291 12.247
6484.7114 12.256
6486.7937 12.262
6488.8760 12.250
6490.9583 12.216
6493.0406 12.213
6495.1229 12.227
6497.2052 12.227
6499.2875 12.220
6501.3698 12.224
6503.4521 12.227
6505.5344 12.218
6507.6167 12.217
6509.6990 12.215
6511.7813 12.219
6513.8636 12.233
6515.9459 12.258
6518.0282 12.250
6520.1105 12.231
6522.1928 12.212
6524.2751 12.198
6526.3574 12.195
6528.4397 12.214
6530.5220 12.251
6532.6043 12.273
6534.6866 12.271
6536.7689 12.263
6538.8512 12.252
6540.9335 12.241
6543.0158 12.270
6545.0981 12.299
6547.1804 12.318
6549.2627 12.320
6551.3450 12.335
6553.4273 12.367
6555.5096 12.412
6557.5919 12.469
6559.6742 12.506
6561.7565 12.490
6563.8388 12.448
6565.9211 12.401
6568.0034 12.382
6570.0857 12.362
6572.1680 12.341
6574.2503 12.319
6576.3326 12.310
6578.4149 12.294
6580.4972 12.280
6582.5795 12.268
6584.6618 12.251
6586.7441 12.242
6588.8264 12.237
6590.9087 12.238
6592.9910 12.249
6595.0733 12.270
6597.1556 12.276
6599.2379 12.272
6601.3202 12.278
6603.4025 12.281
6605.4848 12.271
6607.5671 12.258
6609.6494 12.254
6611.7317 12.221
6613.8140 12.228
6615.8963 12.257
6617.9786 12.287
6620.0609 12.255
6622.1432 12.258
6624.2255 12.272
6626.3078 12.281
6628.3901 12.278
6630.4724 12.275
6632.5547 12.257
6634.6370 12.223
6636.7193 12.212
6638.8016 12.217
6640.8839 12.221
6642.9662 12.225
6645.0485 12.244
6647.1308 12.247
6649.2131 12.255
6651.2954 12.268
6653.3777 12.278
6655.4600 12.263
6657.5423 12.271
6659.6246 12.276
6661.7069 12.227
6663.7892 12.185
6665.8715 12.188
6667.9538 12.200
6670.0361 12.180
6672.1184 12.174
6674.2007 12.197
6676.2830 12.225
6678.3653 12.242
6680.4476 12.230
6682.5299 12.241
6684.6122 12.258
6686.6945 12.268
6688.7768 12.271
6690.8591 12.270
6692.9414 12.272
6695.0237 12.275
6697.1060 12.267
6699.1883 12.247
6701.2706 12.241
6703.3529 12.248
6705.4352 12.250
6707.5175 12.253
6709.5998 12.254
6711.6821 12.246
6713.7644 12.220
6715.8467 12.235
6717.9290 12.242
6720.0113 12.236
6722.0936 12.221
6724.1759 12.264
6726.2582 12.297
6728.3405 12.317
6730.4228 12.323
6732.5051 12.314
6734.5874 12.286
6736.6697 12.262
6738.7520 12.257
6740.8343 12.265
6742.9166 12.275
6744.9989 12.285
6747.0812 12.293
6749.1635 12.277
6751.2458 12.272
6753.3281 12.272
6755.4104 12.269
6757.4927 12.247
6759.5750 12.239
6761.6573 12.251
6763.7396 12.277
6765.8219 12.307
6767.9042 12.326
6769.9865 12.315
6772.0688 12.284
6774.1511 12.252
6776.2334 12.236
6778.3157 12.233
6780.3980 12.244
6782.4803 12.269
6784.5626 12.252
6786.6449 12.253
6788.7272 12.259
6790.8095 12.257
6792.8918 12.227
6794.9741 12.257
6797.0564 12.293
6799.1387 12.304
6801.2210 12.268
6803.3033 12.230
6805.3856 12.197
6807.4679 12.177
6809.5502 12.195
6811.6325 12.237
6813.7148 12.268
6815.7971 12.284
6817.8794 12.287
6819.9617 12.275
6822.0440 12.271
6824.1263 12.275
6826.2086 12.284
6828.2909 12.250
6830.3732 12.232
6832.4555 12.236
6834.5378 12.264
6836.6201 12.285
6838.7024 12.308
6840.7847 12.308
6842.8670 12.264
6844.9493 12.228
6847.0316 12.237
6849.1139 12.267
6851.1962 12.299
6853.2785 12.317
6855.3608 12.315
6857.4431 12.305
6859.5254 12.298
6861.6077 12.317
6863.6900 12.392
6865.7723 12.476
6867.8546 12.549
6869.9369 12.586
6872.0192 12.559
6874.1015 12.518
6876.1838 12.471
6878.2661 12.420
6880.3484 12.387
6882.4307 12.378
6884.5130 12.380
6886.5953 12.369
6888.6776 12.385
6890.7599 12.389
6892.8422 12.378
6894.9245 12.356
6897.0068 12.400
6899.0891 12.427
6901.1714 12.444
6903.2537 12.457
6905.3360 12.488
6907.4183 12.466
6909.5006 12.419
6911.5829 12.369
6913.6652 12.349
6915.7475 12.341
6917.8298 12.340
6919.9121 12.340
6921.9944 12.319
6924.0767 12.331
6926.1590 12.358
6928.2413 12.381
6930.3236 12.363
6932.4059 12.334
6934.4882 12.309
6936.5705 12.299
6938.6528 12.320
6940.7351 12.355
6942.8174 12.353
6944.8997 12.339
6946.9820 12.347
6949.0643 12.360
6951.1466 12.351
6953.2289 12.341
6955.3112 12.349
6957.3935 12.360
6959.4758 12.331
6961.5581 12.278
6963.6404 12.220
6965.7227 12.232
6967.8050 12.247
6969.8873 12.262
6971.9696 12.276
6974.0519 12.291
6976.1342 12.298
6978.2165 12.297
6980.2988 12.295
6982.3811 12.315
6984.4634 12.328
6986.5457 12.320
6988.6280 12.309
6990.7103 12.337
6992.7926 12.357
6994.8749 12.360
6996.9572 12.353
6999.0395 12.349
7001.1218 12.329
7003.2041 12.335
7005.2864 12.357
7007.3687 12.379
7009.4510 12.379
7011.5333 12.379
7013.6156 12.372
7015.6979 12.357
7017.7802 12.351
7019.8625 12.353
7021.9448 12.346
7024.0271 12.323
7026.1094 12.303
7028.1917 12.306
7030.2740 12.312
7032.3563 12.314
7034.4386 12.310
7036.5209 12.308
7038.6032 12.320
7040.6855 12.344
7042.7678 12.375
7044.8501 12.367
7046.9324 12.359
7049.0147 12.349
7051.0970 12.326
7053.1793 12.329
7055.2616 12.363
7057.3439 12.398
7059.4262 12.395
7061.5085 12.419
7063.5908 12.433
7065.6731 12.413
7067.7554 12.346
7069.8377 12.320
7071.9200 12.339
7074.0023 12.359
7076.0846 12.358
7078.1669 12.342
7080.2492 12.367
7082.3315 12.388
7084.4138 12.386
7086.4961 12.359
7088.5784 12.342
7090.6607 12.343
7092.7430 12.353
7094.8253 12.341
7096.9076 12.319
7098.9899 12.309
7101.0722 12.310
7103.1545 12.312
7105.2368 12.353
7107.3191 12.380
7109.4014 12.383
7111.4837 12.355
7113.5660 12.341
7115.6483 12.339
7117.7306 12.340
7119.8129 12.337
7121.8952 12.330
7123.9775 12.316
7126.0598 12.302
7128.1421 12.294
7130.2244 12.253
7132.3067 12.242
7134.3890 12.287
7136.4713 12.388
7138.5536 12.466
7140.6359 12.485
7142.7182 12.478
7144.8005 12.454
7146.8828 12.410
7148.9651 12.389
7151.0474 12.389
7153.1297 12.401
7155.2120 12.400
7157.2943 12.415
7159.3766 12.425
7161.4589 12.427
7163.5412 12.418
7165.6235 12.455
7167.7058 12.477
7169.7881 12.483
7171.8704 12.479
7173.9527 12.467
7176.0350 12.481
7178.1173 12.512
7180.1996 12.549
7182.2819 12.548
7184.3642 12.556
7186.4465 12.553
7188.5288 12.528
7190.6111 12.505
7192.6934 12.503
7194.7757 12.498
7196.8580 12.483
7198.9403 12.479
7201.0226 12.473
7203.1049 12.473
7205.1872 12.480
7207.2695 12.489
7209.3518 12.427
7211.4341 12.410
7213.5164 12.430
7215.5987 12.434
7217.6810 12.399
7219.7633 12.389
7221.8456 12.390
7223.9279 12.371
7226.0102 12.384
7228.0925 12.413
7230.1748 12.445
7232.2571 12.466
7234.3394 12.489
7236.4217 12.503
7238.5040 12.521
7240.5863 12.547
7242.6686 12.541
7244.7509 12.470
7246.8332 12.414
7248.9155 12.407
7250.9978 12.435
7253.0801 12.477
7255.1624 12.533
7257.2447 12.582
7259.3270 12.553
7261.4093 12.526
7263.4916 12.497
7265.5739 12.465
7267.6562 12.431
7269.7385 12.440
7271.8208 12.449
7273.9031 12.444
7275.9854 12.411
7278.0677 12.404
7280.1500 12.389
7282.2323 12.391
7284.3146 12.439
7286.3969 12.479
7288.4792 12.479
7290.5615 12.452
7292.6438 12.415
7294.7261 12.442
7296.8084 12.465
7298.8907 12.476
7300.9730 12.471
7303.0553 12.456
7305.1376 12.445
7307.2199 12.449
7309.3022 12.466
7311.3845 12.478
7313.4668 12.489
7315.5491 12.483
7317.6314 12.463
7319.7137 12.450
7321.7960 12.449
7323.8783 12.428
7325.9606 12.388
7328.0429 12.333
7330.1252 12.328
7332.2075 12.344
7334.2898 12.372
7336.3721 12.402
7338.4544 12.400
7340.5367 12.417
7342.6190 12.436
7344.7013 12.441
7346.7836 12.430
7348.8659 12.408
7350.9482 12.379
7353.0305 12.352
7355.1128 12.416
7357.1951 12.456
7359.2774 12.449
7361.3597 12.393
7363.4420 12.357
7365.5243 12.391
7367.6066 12.429
7369.6889 12.448
7371.7712 12.439
7373.8535 12.424
7375.9358 12.417
7378.0181 12.420
7380.1004 12.435
7382.1827 12.465
7384.2650 12.475
7386.3473 12.467
7388.4296 12.453
7390.5119 12.472
7392.5942 12.459
7394.6765 12.433
7396.7588 12.418
7398.8411 12.421
7400.9234 12.425
7403.0057 12.428
7405.0880 12.429
7407.1703 12.426
7409.2526 12.411
7411.3349 12.398
7413.4172 12.397
7415.4995 12.406
7417.5818 12.399
7419.6641 12.394
7421.7464 12.395
7423.8287 12.404
7425.9110 12.413
7427.9933 12.406
7430.0756 12.391
7432.1579 12.407
7434.2402 12.419
7436.3225 12.414
7438.4048 12.403
7440.4871 12.408
7442.5694 12.426
7444.6517 12.434
7446.7340 12.432
7448.8163 12.418
7450.8986 12.346
7452.9809 12.283
7455.0632 12.267
7457.1455 12.332
7459.2278 12.431
7461.3101 12.464
7463.3924 12.454
7465.4747 12.426
7467.5570 12.481
7469.6393 12.516
7471.7216 12.519
7473.8039 12.496
7475.8862 12.504
7477.9685 12.532
7480.0508 12.551
7482.1331 12.547
7484.2154 12.512
7486.2977 12.521
7488.3800 12.546
7490.4623 12.562
7492.5446 12.523
7494.6269 12.481
7496.7092 12.429
7498.7915 12.368
7500.8738 12.299
7502.9561 12.288
7505.0384 12.321
7507.1207 12.389
7509.2030 12.476
7511.2853 12.467
7513.3676 12.419
7515.4499 12.368
7517.5322 12.343
7519.6145 12.388
7521.6968 12.447
7523.7791 12.480
7525.8614 12.470
7527.9437 12.462
7530.0260 12.509
7532.1083 12.561
7534.1906 12.591
7536.2729 12.558
7538.3552 12.521
7540.4375 12.507
7542.5198 12.515
7544.6021 12.524
7546.6844 12.473
7548.7667 12.431
7550.8490 12.408
7552.9313 12.402
7555.0136 12.423
7557.0959 12.447
7559.1782 12.455
7561.2605 12.424
7563.3428 12.400
7565.4251 12.382
7567.5074 12.378
7569.5897 12.399
7571.6720 12.459
7573.7543 12.471
7575.8366 12.467
7577.9189 12.468
7580.0012 12.504
7582.0835 12.534
7584.1658 12.572
7586.2481 12.630
7588.3304 12.752
7590.4127 12.913
7592.4950 13.130
7594.5773 13.397
7596.6596 13.684
7598.7419 13.876
7600.8242 13.937
7602.9065 13.908
7604.9888 13.908
7607.0711 13.798
7609.1534 13.658
7611.2357 13.505
7613.3180 13.357
7615.4003 13.240
7617.4826 13.191
7619.5649 13.165
7621.6472 13.114
7623.7295 13.111
7625.8118 13.112
7627.8941 13.099
7629.9764 13.061
7632.0587 13.055
7634.1410 13.054
7636.2233 13.068
7638.3056 13.106
7640.3879 13.182
7642.4702 13.177
7644.5525 13.108
7646.6348 13.000
7648.7171 12.930
7650.7994 12.802
7652.8817 12.697
7654.9640 12.638
7657.0463 12.634
7659.1286 12.619
7661.2109 12.624
7663.2932 12.634
7665.3755 12.610
7667.4578 12.593
7669.5401 12.599
7671.6224 12.601
7673.7047 12.566
7675.7870 12.533
7677.8693 12.514
7679.9516 12.495
7682.0339 12.465
7684.1162 12.453
7686.1985 12.464
7688.2808 12.488
7690.3631 12.513
7692.4454 12.519
7694.5277 12.488
7696.6100 12.468
7698.6923 12.476
7700.7746 12.496
7702.8569 12.483
7704.9392 12.488
7707.0215 12.508
7709.1038 12.480
7711.1861 12.399
7713.2684 12.364
7715.3507 12.380
7717.4330 12.424
7719.5153 12.402
7721.5976 12.338
7723.6799 12.306
7725.7622 12.416
7727.8445 12.565
7729.9268 12.630
7732.0091 12.630
7734.0914 12.593
7736.1737 12.555
7738.2560 12.552
7740.3383 12.565
7742.4206 12.579
7744.5029 12.557
7746.5852 12.538
7748.6675 12.528
7750.7498 12.528
7752.8321 12.522
7754.9144 12.496
7756.9967 12.480
7759.0790 12.486
7761.1613 12.509
7763.2436 12.439
7765.3259 12.363
7767.4082 12.325
7769.4905 12.385
7771.5728 12.443
7773.6551 12.447
7775.7374 12.408
7777.8197 12.357
7779.9020 12.369
7781.9843 12.382
7784.0666 12.406
7786.1489 12.458
7788.2312 12.403
7790.3135 12.304
7792.3958 12.213
7794.4781 12.178
7796.5604 12.250
7798.6427 12.371
7800.7250 12.478
7802.8073 12.524
7804.8896 12.427
7806.9719 12.371
7809.0542 12.385
7811.1365 12.461
7813.2188 12.492
7815.3011 12.466
7817.3834 12.441
7819.4657 12.432
7821.5480 12.439
7823.6303 12.442
7825.7126 12.472
7827.7949 12.515
7829.8772 12.521
7831.9595 12.486
7834.0418 12.465
7836.1241 12.487
7838.2064 12.588
7840.2887 12.669
7842.3710 12.609
7844.4533 12.487
7846.5356 12.392
7848.6179 12.310
7850.7002 12.321
7852.7825 12.385
7854.8648 12.462
7856.9471 12.462
7859.0294 12.443
7861.1117 12.403
7863.1940 12.355
7865.2763 12.406
7867.3586 12.531
7869.4409 12.624
7871.5232 12.658
7873.6055 12.656
7875.6878 12.671
7877.7701 12.690
7879.8524 12.699
7881.9347 12.667
7884.0170 12.641
7886.0993 12.614
7888.1816 12.579
7890.2639 12.519
7892.3462 12.509
7894.4285 12.575
7896.5108 12.648
7898.5931 12.645
7900.6754 12.570
7902.7577 12.525
7904.8400 12.512
7906.9223 12.525
7909.0046 12.451
7911.0869 12.409
7913.1692 12.415
7915.2515 12.467
7917.3338 12.462
7919.4161 12.410
7921.4984 12.403
7923.5807 12.467
7925.6630 12.537
7927.7453 12.580
7929.8276 12.565
7931.9099 12.503
7933.9922 12.457
7936.0745 12.414
7938.1568 12.374
7940.2391 12.359
7942.3214 12.411
7944.4037 12.468
7946.4860 12.480
7948.5683 12.481
7950.6506 12.524
7952.7329 12.646
7954.8152 12.658
7956.8975 12.632
7958.9798 12.643
7961.0621 12.612
7963.1444 12.537
7965.2267 12.472
7967.3090 12.465
7969.3913 12.598
7971.4736 12.744
7973.5559 12.779
7975.6382 12.661
7977.7205 12.517
7979.8028 12.463
7981.8851 12.433
7983.9674 12.396
7986.0497 12.302
7988.1320 12.224
7990.2143 12.218
7992.2966 12.300
7994.3789 12.483
7996.4612 12.597
7998.5435 12.616
8000.6258 12.602
8002.7081 12.670
8004.7904 12.618
8006.8727 12.549
8008.9550 12.517
8011.0373 12.577
8013.1196 12.756
8015.2019 12.798
8017.2842 12.765
8019.3665 12.709
8021.4488 12.614
8023.5311 12.578
8025.6134 12.610
8027.6957 12.692
8029.7780 12.649
8031.8603 12.678
8033.9426 12.761
8036.0249 12.869
8038.1072 12.880
8040.1895 12.774
8042.2718 12.685
8044.3541 12.635
8046.4364 12.586
8048.5187 12.572
8050.6010 12.558
8052.6833 12.536
8054.7656 12.502
8056.8479 12.537
8058.9302 12.611
8061.0125 12.688
8063.0948 12.713
8065.1771 12.640
8067.2594 12.549
8069.3417 12.484
8071.4240 12.484
8073.5063 12.430
8075.5886 12.422
8077.6709 12.452
8079.7532 12.512
8081.8355 12.602
8083.9178 12.670
8086.0001 12.689
8088.0824 12.654
8090.1647 12.628
8092.2470 12.614
8094.3293 12.603
8096.4116 12.599
8098.4939 12.634
8100.5762 12.648
8102.6585 12.660
8104.7408 12.672
8106.8231 12.671
8108.9054 12.648
8110.9877 12.582
8113.0700 12.480
8115.1523 12.359
8117.2346 12.254
8119.3169 12.218
8121.3992 12.261
8123.4815 12.385
8125.5638 12.468
8127.6461 12.552
8129.7284 12.610
8131.8107 12.613
8133.8930 12.456
8135.9753 12.434
8138.0576 12.504
8140.1399 12.632
8142.2222 12.717
8144.3045 12.746
8146.3868 12.755
8148.4691 12.759
8150.5514 12.767
8152.6337 12.742
8154.7160 12.692
8156.7983 12.635
8158.8806 12.622
8160.9629 12.707
8163.0452 12.789
8165.1275 12.820
8167.2098 12.736
8169.2921 12.689
8171.3744 12.710
8173.4567 12.782
8175.5390 12.876
8177.6213 12.828
