2703.8508  0.000
2705.4921  0.000
2707.1334  0.000
2708.7747  0.000
2710.4159  0.000
2712.0572  0.000
2713.6985  0.000
2715.3398  0.000
2716.9811  0.000
2718.6224  0.000
2720.2636  0.000
2721.9049  0.000
2723.5462  0.000
2725.1875  0.000
2726.8288  0.000
2728.4701  0.000
2730.1113  0.000
2731.7526  0.000
2733.3939  0.000
2735.0352  0.000
2736.6765  0.000
2738.3178  0.000
2739.9591  0.000
2741.6003  0.000
2743.2416  0.000
2744.8829  0.000
2746.5242  0.000
2748.1655  0.000
2749.8068  0.000
2751.4480  0.000
2753.0893  0.000
2754.7306  0.000
2756.3719  0.000
2758.0132  0.000
2759.6545  0.000
2761.2958  0.000
2762.9370  0.000
2764.5783  0.000
2766.2196  0.000
2767.8609  0.000
2769.5022  0.000
2771.1435  0.000
2772.7847  0.000
2774.4260  0.000
2776.0673  0.000
2777.7086  0.000
2779.3499  0.000
2780.9912  0.000
2782.6324  0.000
2784.2737  0.000
2785.9150  0.000
2787.5563  0.000
2789.1976  0.000
2790.8389  0.000
2792.4802  0.000
2794.1214  0.000
2795.7627  0.000
2797.4040  0.000
2799.0453  0.000
2800.6866  0.000
2802.3279  0.000
2803.9691  0.000
2805.6104  0.000
2807.2517  0.000
2808.8930  0.000
2810.5343  0.000
2812.1756  0.000
2813.8168  0.000
2815.4581  0.000
2817.0994  0.000
2818.7407  0.000
2820.3820  0.000
2822.0233  0.000
2823.6646  0.000
2825.3058  0.000
2826.9471  0.000
2828.5884  0.000
2830.2297  0.000
2831.8710  0.000
2833.5123  0.000
2835.1535  0.000
2836.7948  0.000
2838.4361  0.000
2840.0774  0.000
2841.7187  0.000
2843.3600  0.000
2845.0012  0.000
2846.6425  0.000
2848.2838  0.000
2849.9251  0.000
2851.5664  0.000
2853.2077  0.000
2854.8490  0.000
2856.4902  0.000
2858.1315  0.000
2859.7728  0.000
2861.4141  0.000
2863.0554  0.000
2864.6967  0.000
2866.3379  0.000
2867.9792  0.000
2869.6205  0.000
2871.2618  0.000
2872.9031  0.000
2874.5444  0.000
2876.1857  0.000
2877.8269  0.000
2879.4682  0.000
2881.1095  0.000
2882.7508  0.000
2884.3921  0.000
2886.0334  0.000
2887.6746  0.000
2889.3159  0.000
2890.9572  0.000
2892.5985  0.000
2894.2398  0.000
2895.8811  0.000
2897.5223  0.000
2899.1636  0.000
2900.8049  0.000
2902.4462  0.000
2904.0875  0.000
2905.7288  0.000
2907.3701  0.000
2909.0113  0.000
2910.6526  0.000
2912.2939  0.000
2913.9352  0.000
2915.5765  0.000
2917.2178  0.000
2918.8590  0.000
2920.5003  0.000
2922.1416  0.000
2923.7829  0.000
2925.4242  0.000
2927.0655  0.000
2928.7067  0.000
2930.3480  0.000
2931.9893  0.000
2933.6306  0.000
2935.2719  0.000
2936.9132  0.000
2938.5545  0.000
2940.1957  0.000
2941.8370  0.000
2943.4783  0.000
2945.1196  0.000
2946.7609  0.000
2948.4022  0.000
2950.0434  0.000
2951.6847  0.000
2953.3260  0.000
2954.9673  0.000
2956.6086  0.000
2958.2499  0.000
2959.8912  0.000
2961.5324  0.000
2963.1737  0.000
2964.8150  0.000
2966.4563  0.000
2968.0976  0.000
2969.7389  0.000
2971.3801  0.000
2973.0214  0.000
2974.6627  0.000
2976.3040  0.000
2977.9453  0.000
2979.5866  0.000
2981.2278  0.000
2982.8691  0.000
2984.5104  0.000
2986.1517  0.000
2987.7930  0.000
2989.4343  0.000
2991.0756  0.000
2992.7168  0.000
2994.3581  0.000
2995.9994  0.000
2997.6407  0.000
2999.2820  0.000
3000.9233  0.000
3002.5645  0.000
3004.2058  0.000
3005.8471  0.000
3007.4884  0.000
3009.1297  0.000
3010.7710  0.000
3012.4122  0.000
3014.0535  0.000
3015.6948  0.000
3017.3361  0.000
3018.9774  0.000
3020.6187  0.000
3022.2600  0.000
3023.9012  0.000
3025.5425  0.000
3027.1838  0.000
3028.8251  0.000
3030.4664  0.000
3032.1077  0.000
3033.7489  0.000
3035.3902  0.000
3037.0315  0.000
3038.6728  0.000
3040.3141  0.000
3041.9554  0.000
3043.5967  0.000
3045.2379  0.000
3046.8792  0.000
3048.5205  0.000
3050.1618  0.000
3051.8031  0.000
3053.4444  0.000
3055.0856  0.000
3056.7269  0.000
3058.3682  0.000
3060.0095  0.000
3061.6508  0.000
3063.2921  0.000
3064.9333  0.000
3066.5746  0.000
3068.2159  0.000
3069.8572  0.000
3071.4985  0.000
3073.1398  0.000
3074.7811  0.000
3076.4223  0.000
3078.0636  0.000
3079.7049  0.000
3081.3462  0.000
3082.9875  0.000
3084.6288  0.000
3086.2700  0.000
3087.9113  0.000
3089.5526  0.000
3091.1939  0.000
3092.8352  0.000
3094.4765  0.000
3096.1177  0.000
3097.7590  0.000
3099.4003  0.000
3101.0416  0.000
3102.6829  0.000
3104.3242  0.000
3105.9655  0.000
3107.6067  0.000
3109.2480  0.000
3110.8893  0.000
3112.5306 10.556
3114.1719 10.549
3115.8132 10.541
3117.4544 10.534
3119.0957 10.526
3120.7370 10.519
3122.3783 10.511
3124.0196 10.504
3125.6609 10.496
3127.3021 10.488
3128.9434 10.481
3130.5847 10.473
3132.2260 10.466
3133.8673 10.458
3135.5086 10.451
3137.1499 10.445
3138.7911 10.430
3140.4324 10.416
3142.0737 10.408
3143.7150 10.403
3145.3563 10.400
3146.9976 10.398
3148.6388 10.390
3150.2801 10.381
3151.9214 10.376
3153.5627 10.369
3155.2040 10.362
3156.8453 10.353
3158.4866 10.341
3160.1278 10.327
3161.7691 10.313
3163.4104 10.301
3165.0517 10.299
3166.6930 10.306
3168.3343 10.312
3169.9755 10.318
3171.6168 10.323
3173.2581 10.325
3174.8994 10.323
3176.5407 10.321
3178.1820 10.316
3179.8232 10.309
3181.4645 10.302
3183.1058 10.295
3184.7471 10.289
3186.3884 10.281
3188.0297 10.276
3189.6710 10.273
3191.3122 10.272
3192.9535 10.275
3194.5948 10.283
3196.2361 10.295
3197.8774 10.309
3199.5187 10.319
3201.1599 10.327
3202.8012 10.328
3204.4425 10.318
3206.0838 10.299
3207.7251 10.279
3209.3664 10.259
3211.0076 10.244
3212.6489 10.237
3214.2902 10.235
3215.9315 10.237
3217.5728 10.251
3219.2141 10.272
3220.8554 10.292
3222.4966 10.305
3224.1379 10.309
3225.7792 10.301
3227.4205 10.282
3229.0618 10.258
3230.7031 10.244
3232.3443 10.237
3233.9856 10.231
3235.6269 10.226
3237.2682 10.224
3238.9095 10.225
3240.5508 10.225
3242.1921 10.226
3243.8333 10.229
3245.4746 10.237
3247.1159 10.241
3248.7572 10.243
3250.3985 10.243
3252.0398 10.243
3253.6810 10.249
3255.3223 10.253
3256.9636 10.252
3258.6049 10.246
3260.2462 10.240
3261.8875 10.234
3263.5287 10.228
3265.1700 10.223
3266.8113 10.219
3268.4526 10.216
3270.0939 10.214
3271.7352 10.211
3273.3765 10.225
3275.0177 10.233
3276.6590 10.235
3278.3003 10.239
3279.9416 10.245
3281.5829 10.242
3283.2242 10.239
3284.8654 10.228
3286.5067 10.229
3288.1480 10.230
3289.7893 10.233
3291.4306 10.234
3293.0719 10.232
3294.7131 10.234
3296.3544 10.233
3297.9957 10.236
3299.6370 10.241
3301.2783 10.246
3302.9196 10.250
3304.5609 10.252
3306.2021 10.250
3307.8434 10.249
3309.4847 10.252
3311.1260 10.253
3312.7673 10.253
3314.4086 10.248
3316.0498 10.248
3317.6911 10.249
3319.3324 10.248
3320.9737 10.247
3322.6150 10.245
3324.2563 10.229
3325.8975 10.227
3327.5388 10.230
3329.1801 10.236
3330.8214 10.240
3332.4627 10.239
3334.1040 10.235
3335.7453 10.237
3337.3865 10.245
3339.0278 10.248
3340.6691 10.242
3342.3104 10.237
3343.9517 10.232
3345.5930 10.234
3347.2342 10.239
3348.8755 10.241
3350.5168 10.242
3352.1581 10.243
3353.7994 10.243
3355.4407 10.241
3357.0820 10.237
3358.7232 10.235
3360.3645 10.235
3362.0058 10.236
3363.6471 10.237
3365.2884 10.239
3366.9297 10.242
3368.5709 10.247
3370.2122 10.252
3371.8535 10.262
3373.4948 10.262
3375.1361 10.260
3376.7774 10.255
3378.4186 10.254
3380.0599 10.260
3381.7012 10.262
3383.3425 10.260
3384.9838 10.261
3386.6251 10.264
3388.2664 10.263
3389.9076 10.264
3391.5489 10.263
3393.1902 10.260
3394.8315 10.260
3396.4728 10.263
3398.1141 10.268
3399.7553 10.270
3401.3966 10.271
3403.0379 10.270
3404.6792 10.268
3406.3205 10.265
3407.9618 10.264
3409.6030 10.270
3411.2443 10.278
3412.8856 10.282
3414.5269 10.284
3416.1682 10.281
3417.8095 10.279
3419.4508 10.278
3421.0920 10.281
3422.7333 10.287
3424.3746 10.288
3426.0159 10.285
3427.6572 10.281
3429.2985 10.280
3430.9397 10.278
3432.5810 10.281
3434.2223 10.289
3435.8636 10.301
3437.5049 10.312
3439.1462 10.319
3440.7875 10.324
3442.4287 10.326
3444.0700 10.324
3445.7113 10.321
3447.3526 10.320
3448.9939 10.319
3450.6352 10.318
3452.2764 10.321
3453.9177 10.325
3455.5590 10.325
3457.2003 10.321
3458.8416 10.323
3460.4829 10.323
3462.1241 10.326
3463.7654 10.330
3465.4067 10.332
3467.0480 10.330
3468.6893 10.324
3470.3306 10.322
3471.9719 10.322
3473.6131 10.327
3475.2544 10.335
3476.8957 10.342
3478.5370 10.347
3480.1783 10.346
3481.8196 10.345
3483.4608 10.351
3485.1021 10.356
3486.7434 10.358
3488.3847 10.353
3490.0260 10.344
3491.6673 10.341
3493.3085 10.340
3494.9498 10.338
3496.5911 10.333
3498.2324 10.333
3499.8737 10.334
3501.5150 10.336
3503.1563 10.339
3504.7975 10.341
3506.4388 10.341
3508.0801 10.341
3509.7214 10.344
3511.3627 10.349
3513.0040 10.353
3514.6452 10.353
3516.2865 10.352
3517.9278 10.349
3519.5691 10.347
3521.2104 10.346
3522.8517 10.347
3524.4929 10.348
3526.1342 10.351
3527.7755 10.353
3529.4168 10.353
3531.0581 10.347
3532.6994 10.342
3534.3407 10.342
3535.9819 10.341
3537.6232 10.342
3539.2645 10.343
3540.9058 10.340
3542.5471 10.338
3544.1884 10.339
3545.8296 10.345
3547.4709 10.352
3549.1122 10.354
3550.7535 10.353
3552.3948 10.351
3554.0361 10.351
3555.6774 10.353
3557.3186 10.354
3558.9599 10.356
3560.6012 10.357
3562.2425 10.355
3563.8838 10.349
3565.5251 10.351
3567.1663 10.356
3568.8076 10.364
3570.4489 10.369
3572.0902 10.371
3573.7315 10.369
3575.3728 10.369
3577.0140 10.369
3578.6553 10.369
3580.2966 10.374
3581.9379 10.375
3583.5792 10.375
3585.2205 10.375
3586.8618 10.376
3588.5030 10.379
3590.1443 10.383
3591.7856 10.384
3593.4269 10.385
3595.0682 10.383
3596.7095 10.379
3598.3507 10.378
3599.9920 10.378
3601.6333 10.378
3603.2746 10.380
3604.9159 10.382
3606.5572 10.383
3608.1984 10.383
3609.8397 10.386
3611.4810 10.392
3613.1223 10.391
3614.7636 10.392
3616.4049 10.392
3618.0462 10.394
3619.6874 10.395
3621.3287 10.396
3622.9700 10.398
3624.6113 10.401
3626.2526 10.401
3627.8939 10.398
3629.5351 10.398
3631.1764 10.397
3632.8177 10.400
3634.4590 10.404
3636.1003 10.406
3637.7416 10.405
3639.3829 10.404
3641.0241 10.401
3642.6654 10.400
3644.3067 10.402
3645.9480 10.405
3647.5893 10.407
3649.2306 10.408
3650.8718 10.412
3652.5131 10.413
3654.1544 10.413
3655.7957 10.411
3657.4370 10.410
3659.0783 10.412
3660.7195 10.413
3662.3608 10.413
3664.0021 10.413
3665.6434 10.409
3667.2847 10.406
3668.9260 10.406
3670.5673 10.406
3672.2085 10.408
3673.8498 10.407
3675.4911 10.410
3677.1324 10.413
3678.7737 10.417
3680.4150 10.420
3682.0562 10.422
3683.6975 10.422
3685.3388 10.421
3686.9801 10.421
3688.6214 10.424
3690.2627 10.425
3691.9039 10.428
3693.5452 10.430
3695.1865 10.429
3696.8278 10.426
3698.4691 10.420
3700.1104 10.418
3701.7517 10.419
3703.3929 10.420
3705.0342 10.421
3706.6755 10.424
3708.3168 10.425
3709.9581 10.424
3711.5994 10.423
3713.2406 10.425
3714.8819 10.428
3716.5232 10.430
3718.1645 10.433
3719.8058 10.437
3721.4471 10.442
3723.0884 10.445
3724.7296 10.447
3726.3709 10.447
3728.0122 10.445
3729.6535 10.443
3731.2948 10.444
3732.9361 10.447
3734.5773 10.449
3736.2186 10.450
3737.8599 10.450
3739.5012 10.451
3741.1425 10.456
3742.7838 10.463
3744.4250 10.467
3746.0663 10.468
3747.7076 10.469
3749.3489 10.471
3750.9902 10.470
3752.6315 10.471
3754.2728 10.476
3755.9140 10.479
3757.5553 10.477
3759.1966 10.476
3760.8379 10.476
3762.4792 10.478
3764.1205 10.483
3765.7617 10.485
3767.4030 10.484
3769.0443 10.483
3770.6856 10.485
3772.3269 10.484
3773.9682 10.482
3775.6094 10.478
3777.2507 10.476
3778.8920 10.477
3780.5333 10.479
3782.1746 10.483
3783.8159 10.484
3785.4572 10.487
3787.0984 10.487
3788.7397 10.492
3790.3810 10.498
3792.0223 10.503
3793.6636 10.509
3795.3049 10.518
3796.9461 10.526
3798.5874 10.531
3800.2287 10.529
3801.8700 10.521
3803.5113 10.514
3805.1526 10.507
3806.7938 10.505
3808.4351 10.501
3810.0764 10.501
3811.7177 10.500
3813.3590 10.499
3815.0003 10.498
3816.6416 10.497
3818.2828 10.495
3819.9241 10.497
3821.5654 10.506
3823.2067 10.516
3824.8480 10.523
3826.4893 10.526
3828.1305 10.533
3829.7718 10.541
3831.4131 10.548
3833.0544 10.554
3834.6957 10.558
3836.3370 10.562
3837.9783 10.560
3839.6195 10.556
3841.2608 10.551
3842.9021 10.547
3844.5434 10.539
3846.1847 10.533
3847.8260 10.528
3849.4672 10.524
3851.1085 10.523
3852.7498 10.520
3854.3911 10.520
3856.0324 10.521
3857.6737 10.521
3859.3149 10.520
3860.9562 10.520
3862.5975 10.521
3864.2388 10.520
3865.8801 10.519
3867.5214 10.520
3869.1627 10.522
3870.8039 10.526
3872.4452 10.531
3874.0865 10.538
3875.7278 10.548
3877.3691 10.554
3879.0104 10.563
3880.6516 10.573
3882.2929 10.590
3883.9342 10.608
3885.5755 10.620
3887.2168 10.625
3888.8581 10.629
3890.4993 10.629
3892.1406 10.629
3893.7819 10.624
3895.4232 10.613
3897.0645 10.598
3898.7058 10.585
3900.3471 10.574
3901.9883 10.565
3903.6296 10.561
3905.2709 10.557
3906.9122 10.555
3908.5535 10.553
3910.1948 10.552
3911.8360 10.548
3913.4773 10.544
3915.1186 10.541
3916.7599 10.537
3918.4012 10.536
3920.0425 10.539
3921.6838 10.545
3923.3250 10.546
3924.9663 10.548
3926.6076 10.546
3928.2489 10.544
3929.8902 10.544
3931.5315 10.547
3933.1727 10.550
3934.8140 10.552
3936.4553 10.554
3938.0966 10.551
3939.7379 10.549
3941.3792 10.551
3943.0204 10.555
3944.6617 10.559
3946.3030 10.563
3947.9443 10.566
3949.5856 10.572
3951.2269 10.580
3952.8682 10.587
3954.5094 10.589
3956.1507 10.593
3957.7920 10.604
3959.4333 10.613
3961.0746 10.624
3962.7159 10.641
3964.3571 10.662
3965.9984 10.679
3967.6397 10.694
3969.2810 10.705
3970.9223 10.709
3972.5636 10.703
3974.2048 10.689
3975.8461 10.671
3977.4874 10.652
3979.1287 10.635
3980.7700 10.619
3982.4113 10.606
3984.0526 10.597
3985.6938 10.594
3987.3351 10.590
3988.9764 10.586
3990.6177 10.583
3992.2590 10.583
3993.9003 10.584
3995.5415 10.582
3997.1828 10.578
3998.8241 10.573
4000.4654 10.570
4002.1067 10.569
4003.7480 10.571
4005.3892 10.572
4007.0305 10.572
4008.6718 10.569
4010.3131 10.565
4011.9544 10.564
4013.5957 10.565
4015.2370 10.567
4016.8782 10.570
4018.5195 10.574
4020.1608 10.576
4021.8021 10.579
4023.4434 10.578
4025.0847 10.578
4026.7259 10.580
4028.3672 10.581
4030.0085 10.581
4031.6498 10.578
4033.2911 10.577
4034.9324 10.578
4036.5737 10.580
4038.2149 10.581
4039.8562 10.582
4041.4975 10.583
4043.1388 10.584
4044.7801 10.583
4046.4214 10.583
4048.0626 10.585
4049.7039 10.587
4051.3452 10.586
4052.9865 10.584
4054.6278 10.586
4056.2691 10.589
4057.9103 10.590
4059.5516 10.589
4061.1929 10.590
4062.8342 10.592
4064.4755 10.594
4066.1168 10.597
4067.7581 10.599
4069.3993 10.601
4071.0406 10.603
4072.6819 10.603
4074.3232 10.606
4075.9645 10.612
4077.6058 10.618
4079.2470 10.620
4080.8883 10.622
4082.5296 10.627
4084.1709 10.635
4085.8122 10.643
4087.4535 10.651
4089.0947 10.661
4090.7360 10.670
4092.3773 10.683
4094.0186 10.701
4095.6599 10.723
4097.3012 10.754
4098.9425 10.782
4100.5837 10.800
4102.2250 10.809
4103.8663 10.807
4105.5076 10.791
4107.1489 10.767
4108.7902 10.740
4110.4314 10.717
4112.0727 10.700
4113.7140 10.687
4115.3553 10.676
4116.9966 10.667
4118.6379 10.660
4120.2792 10.655
4121.9204 10.646
4123.5617 10.640
4125.2030 10.639
4126.8443 10.641
4128.4856 10.643
4130.1269 10.642
4131.7681 10.638
4133.4094 10.635
4135.0507 10.634
4136.6920 10.634
4138.3333 10.636
4139.9746 10.637
4141.6158 10.640
4143.2571 10.641
4144.8984 10.642
4146.5397 10.642
4148.1810 10.641
4149.8223 10.637
4151.4636 10.636
4153.1048 10.639
4154.7461 10.641
4156.3874 10.642
4158.0287 10.645
4159.6700 10.644
4161.3113 10.644
4162.9525 10.646
4164.5938 10.650
4166.2351 10.651
4167.8764 10.650
4169.5177 10.648
4171.1590 10.648
4172.8002 10.651
4174.4415 10.651
4176.0828 10.649
4177.7241 10.648
4179.3654 10.648
4181.0067 10.647
4182.6480 10.648
4184.2892 10.649
4185.9305 10.647
4187.5718 10.648
4189.2131 10.652
4190.8544 10.657
4192.4957 10.661
4194.1369 10.663
4195.7782 10.666
4197.4195 10.667
4199.0608 10.669
4200.7021 10.671
4202.3434 10.673
4203.9847 10.674
4205.6259 10.675
4207.2672 10.677
4208.9085 10.679
4210.5498 10.679
4212.1911 10.678
4213.8324 10.677
4215.4736 10.680
4217.1149 10.681
4218.7562 10.680
4220.3975 10.679
4222.0388 10.680
4223.6801 10.683
4225.3213 10.685
4226.9626 10.686
4228.6039 10.689
4230.2452 10.689
4231.8865 10.689
4233.5278 10.689
4235.1691 10.690
4236.8103 10.691
4238.4516 10.692
4240.0929 10.693
4241.7342 10.693
4243.3755 10.690
4245.0168 10.686
4246.6580 10.685
4248.2993 10.688
4249.9406 10.690
4251.5819 10.690
4253.2232 10.691
4254.8645 10.693
4256.5057 10.693
4258.1470 10.694
4259.7883 10.697
4261.4296 10.698
4263.0709 10.700
4264.7122 10.701
4266.3535 10.700
4267.9947 10.700
4269.6360 10.702
4271.2773 10.705
4272.9186 10.704
4274.5599 10.703
4276.2012 10.703
4277.8424 10.703
4279.4837 10.707
4281.1250 10.711
4282.7663 10.713
4284.4076 10.712
4286.0489 10.715
4287.6901 10.716
4289.3314 10.715
4290.9727 10.715
4292.6140 10.715
4294.2553 10.717
4295.8966 10.719
4297.5379 10.720
4299.1791 10.722
4300.8204 10.723
4302.4617 10.723
4304.1030 10.724
4305.7443 10.728
4307.3856 10.729
4309.0268 10.730
4310.6681 10.734
4312.3094 10.738
4313.9507 10.738
4315.5920 10.739
4317.2333 10.741
4318.8746 10.742
4320.5158 10.745
4322.1571 10.750
4323.7984 10.757
4325.4397 10.768
4327.0810 10.780
4328.7223 10.792
4330.3635 10.806
4332.0048 10.826
4333.6461 10.853
4335.2874 10.885
4336.9287 10.920
4338.5700 10.949
4340.2112 10.963
4341.8525 10.960
4343.4938 10.946
4345.1351 10.919
4346.7764 10.887
4348.4177 10.858
4350.0590 10.833
4351.7002 10.819
4353.3415 10.807
4354.9828 10.792
4356.6241 10.780
4358.2654 10.771
4359.9067 10.765
4361.5479 10.762
4363.1892 10.760
4364.8305 10.753
4366.4718 10.755
4368.1131 10.755
4369.7544 10.753
4371.3956 10.751
4373.0369 10.751
4374.6782 10.751
4376.3195 10.751
4377.9608 10.750
4379.6021 10.750
4381.2434 10.750
4382.8846 10.752
4384.5259 10.753
4386.1672 10.752
4387.8085 10.752
4389.4498 10.753
4391.0911 10.753
4392.7323 10.754
4394.3736 10.756
4396.0149 10.756
4397.6562 10.755
4399.2975 10.754
4400.9388 10.752
4402.5801 10.754
4404.2213 10.756
4405.8626 10.755
4407.5039 10.754
4409.1452 10.755
4410.7865 10.757
4412.4278 10.759
4414.0690 10.761
4415.7103 10.763
4417.3516 10.764
4418.9929 10.764
4420.6342 10.765
4422.2755 10.764
4423.9167 10.765
4425.5580 10.767
4427.1993 10.771
4428.8406 10.775
4430.4819 10.777
4432.1232 10.777
4433.7645 10.777
4435.4057 10.779
4437.0470 10.780
4438.6883 10.778
4440.3296 10.778
4441.9709 10.777
4443.6122 10.776
4445.2534 10.778
4446.8947 10.779
4448.5360 10.782
4450.1773 10.786
4451.8186 10.789
4453.4599 10.792
4455.1011 10.793
4456.7424 10.792
4458.3837 10.790
4460.0250 10.789
4461.6663 10.787
4463.3076 10.786
4464.9489 10.789
4466.5901 10.793
4468.2314 10.796
4469.8727 10.800
4471.5140 10.803
4473.1553 10.804
4474.7966 10.804
4476.4378 10.804
4478.0791 10.806
4479.7204 10.808
4481.3617 10.807
4483.0030 10.805
4484.6443 10.801
4486.2855 10.802
4487.9268 10.804
4489.5681 10.805
4491.2094 10.805
4492.8507 10.807
4494.4920 10.807
4496.1333 10.805
4497.7745 10.803
4499.4158 10.804
4501.0571 10.807
4502.6984 10.808
4504.3397 10.810
4505.9810 10.811
4507.6222 10.812
4509.2635 10.814
4510.9048 10.815
4512.5461 10.817
4514.1874 10.819
4515.8287 10.821
4517.4700 10.820
4519.1112 10.819
4520.7525 10.819
4522.3938 10.820
4524.0351 10.819
4525.6764 10.820
4527.3177 10.822
4528.9589 10.823
4530.6002 10.825
4532.2415 10.828
4533.8828 10.828
4535.5241 10.827
4537.1654 10.828
4538.8066 10.829
4540.4479 10.829
4542.0892 10.829
4543.7305 10.830
4545.3718 10.832
4547.0131 10.835
4548.6544 10.835
4550.2956 10.833
4551.9369 10.835
4553.5782 10.835
4555.2195 10.835
4556.8608 10.834
4558.5021 10.833
4560.1433 10.831
4561.7846 10.833
4563.4259 10.834
4565.0672 10.834
4566.7085 10.833
4568.3498 10.832
4569.9910 10.832
4571.6323 10.832
4573.2736 10.833
4574.9149 10.837
4576.5562 10.840
4578.1975 10.841
4579.8388 10.840
4581.4800 10.841
4583.1213 10.844
4584.7626 10.846
4586.4039 10.849
4588.0452 10.853
4589.6865 10.857
4591.3277 10.858
4592.9690 10.860
4594.6103 10.859
4596.2516 10.856
4597.8929 10.855
4599.5342 10.854
4601.1755 10.856
4602.8167 10.859
4604.4580 10.860
4606.0993 10.859
4607.7406 10.860
4609.3819 10.860
4611.0232 10.860
4612.6644 10.859
4614.3057 10.858
4615.9470 10.856
4617.5883 10.855
4619.2296 10.856
4620.8709 10.859
4622.5121 10.861
4624.1534 10.861
4625.7947 10.860
4627.4360 10.861
4629.0773 10.864
4630.7186 10.867
4632.3599 10.868
4634.0011 10.868
4635.6424 10.869
4637.2837 10.868
4638.9250 10.868
4640.5663 10.866
4642.2076 10.867
4643.8488 10.869
4645.4901 10.870
4647.1314 10.870
4648.7727 10.870
4650.4140 10.871
4652.0553 10.872
4653.6965 10.872
4655.3378 10.872
4656.9791 10.873
4658.6204 10.874
4660.2617 10.875
4661.9030 10.875
4663.5443 10.875
4665.1855 10.875
4666.8268 10.874
4668.4681 10.873
4670.1094 10.874
4671.7507 10.876
4673.3920 10.880
4675.0332 10.885
4676.6745 10.890
4678.3158 10.899
4679.9571 10.914
4681.5984 10.933
4683.2397 10.954
4684.8810 10.975
4686.5222 10.987
4688.1635 10.987
4689.8048 10.975
4691.4461 10.961
4693.0874 10.948
4694.7287 10.938
4696.3699 10.928
4698.0112 10.922
4699.6525 10.918
4701.2938 10.911
4702.9351 10.903
4704.5764 10.899
4706.2176 10.896
4707.8589 10.897
4709.5002 10.898
4711.1415 10.899
4712.7828 10.899
4714.4241 10.899
4716.0654 10.901
4717.7066 10.902
4719.3479 10.903
4720.9892 10.903
4722.6305 10.906
4724.2718 10.907
4725.9131 10.909
4727.5543 10.912
4729.1956 10.914
4730.8369 10.918
4732.4782 10.921
4734.1195 10.921
4735.7608 10.921
4737.4020 10.921
4739.0433 10.920
4740.6846 10.922
4742.3259 10.925
4743.9672 10.927
4745.6085 10.928
4747.2498 10.927
4748.8910 10.925
4750.5323 10.924
4752.1736 10.926
4753.8149 10.927
4755.4562 10.927
4757.0975 10.932
4758.7387 10.937
4760.3800 10.938
4762.0213 10.937
4763.6626 10.938
4765.3039 10.939
4766.9452 10.942
4768.5864 10.944
4770.2277 10.943
4771.8690 10.942
4773.5103 10.942
4775.1516 10.942
4776.7929 10.941
4778.4342 10.942
4780.0754 10.941
4781.7167 10.940
4783.3580 10.938
4784.9993 10.937
4786.6406 10.937
4788.2819 10.938
4789.9231 10.939
4791.5644 10.941
4793.2057 10.943
4794.8470 10.943
4796.4883 10.944
4798.1296 10.944
4799.7709 10.944
4801.4121 10.945
4803.0534 10.944
4804.6947 10.942
4806.3360 10.942
4807.9773 10.943
4809.6186 10.942
4811.2598 10.940
4812.9011 10.940
4814.5424 10.942
4816.1837 10.946
4817.8250 10.950
4819.4663 10.954
4821.1075 10.958
4822.7488 10.960
4824.3901 10.962
4826.0314 10.963
4827.6727 10.967
4829.3140 10.970
4830.9553 10.973
4832.5965 10.973
4834.2378 10.976
4835.8791 10.981
4837.5204 10.983
4839.1617 10.984
4840.8030 10.987
4842.4442 10.992
4844.0855 10.996
4845.7268 11.000
4847.3681 11.008
4849.0094 11.020
4850.6507 11.034
4852.2919 11.054
4853.9332 11.076
4855.5745 11.103
4857.2158 11.134
4858.8571 11.167
4860.4984 11.189
4862.1397 11.199
4863.7809 11.195
4865.4222 11.176
4867.0635 11.144
4868.7048 11.112
4870.3461 11.085
4871.9874 11.063
4873.6286 11.046
4875.2699 11.030
4876.9112 11.020
4878.5525 11.014
4880.1938 11.008
4881.8351 11.003
4883.4764 10.997
4885.1176 10.995
4886.7589 10.996
4888.4002 10.997
4890.0415 10.996
4891.6828 10.993
4893.3241 10.990
4894.9653 10.988
4896.6066 10.985
4898.2479 10.984
4899.8892 10.984
4901.5305 10.987
4903.1718 10.988
4904.8130 10.988
4906.4543 10.990
4908.0956 10.992
4909.7369 10.995
4911.3782 10.996
4913.0195 10.996
4914.6608 10.995
4916.3020 10.995
4917.9433 10.995
4919.5846 10.997
4921.2259 11.000
4922.8672 11.002
4924.5085 11.002
4926.1497 11.000
4927.7910 11.000
4929.4323 10.998
4931.0736 10.996
4932.7149 10.994
4934.3562 10.993
4935.9974 10.993
4937.6387 10.994
4939.2800 10.995
4940.9213 10.997
4942.5626 11.001
4944.2039 11.002
4945.8452 11.002
4947.4864 11.003
4949.1277 11.003
4950.7690 11.003
4952.4103 11.003
4954.0516 11.005
4955.6929 11.006
4957.3341 11.008
4958.9754 11.010
4960.6167 11.012
4962.2580 11.014
4963.8993 11.015
4965.5406 11.012
4967.1818 11.009
4968.8231 11.008
4970.4644 11.010
4972.1057 11.011
4973.7470 11.011
4975.3883 11.011
4977.0296 11.014
4978.6708 11.017
4980.3121 11.017
4981.9534 11.016
4983.5947 11.015
4985.2360 11.014
4986.8773 11.016
4988.5185 11.018
4990.1598 11.020
4991.8011 11.020
4993.4424 11.020
4995.0837 11.022
4996.7250 11.026
4998.3663 11.027
5000.0075 11.028
5001.6488 11.031
5003.2901 11.035
5004.9314 11.040
5006.5727 11.042
5008.2140 11.044
5009.8552 11.045
5011.4965 11.047
5013.1378 11.049
5014.7791 11.045
5016.4204 11.039
5018.0617 11.038
5019.7029 11.040
5021.3442 11.042
5022.9855 11.043
5024.6268 11.045
5026.2681 11.048
5027.9094 11.050
5029.5507 11.049
5031.1919 11.048
5032.8332 11.049
5034.4745 11.049
5036.1158 11.048
5037.7571 11.046
5039.3984 11.046
5041.0396 11.048
5042.6809 11.049
5044.3222 11.051
5045.9635 11.053
5047.6048 11.055
5049.2461 11.055
5050.8873 11.054
5052.5286 11.056
5054.1699 11.061
5055.8112 11.063
5057.4525 11.061
5059.0938 11.059
5060.7351 11.060
5062.3763 11.061
5064.0176 11.061
5065.6589 11.063
5067.3002 11.065
5068.9415 11.067
5070.5828 11.067
5072.2240 11.066
5073.8653 11.066
5075.5066 11.067
5077.1479 11.068
5078.7892 11.070
5080.4305 11.072
5082.0718 11.074
5083.7130 11.075
5085.3543 11.076
5086.9956 11.076
5088.6369 11.075
5090.2782 11.074
5091.9195 11.071
5093.5607 11.070
5095.2020 11.073
5096.8433 11.077
5098.4846 11.078
5100.1259 11.079
5101.7672 11.081
5103.4084 11.081
5105.0497 11.082
5106.6910 11.083
5108.3323 11.084
5109.9736 11.086
5111.6149 11.084
5113.2562 11.080
5114.8974 11.080
5116.5387 11.083
5118.1800 11.085
5119.8213 11.087
5121.4626 11.089
5123.1039 11.089
5124.7451 11.089
5126.3864 11.089
5128.0277 11.089
5129.6690 11.090
5131.3103 11.091
5132.9516 11.091
5134.5928 11.093
5136.2341 11.095
5137.8754 11.097
5139.5167 11.095
5141.1580 11.093
5142.7993 11.093
5144.4406 11.095
5146.0818 11.095
5147.7231 11.095
5149.3644 11.095
5151.0057 11.097
5152.6470 11.099
5154.2883 11.100
5155.9295 11.102
5157.5708 11.104
5159.2121 11.106
5160.8534 11.107
5162.4947 11.107
5164.1360 11.105
5165.7772 11.102
5167.4185 11.100
5169.0598 11.099
5170.7011 11.103
5172.3424 11.107
5173.9837 11.109
5175.6250 11.109
5177.2662 11.109
5178.9075 11.110
5180.5488 11.110
5182.1901 11.108
5183.8314 11.106
5185.4727 11.107
5187.1139 11.111
5188.7552 11.112
5190.3965 11.111
5192.0378 11.109
5193.6791 11.107
5195.3204 11.106
5196.9617 11.108
5198.6029 11.112
5200.2442 11.114
5201.8855 11.114
5203.5268 11.114
5205.1681 11.117
5206.8094 11.121
5208.4506 11.123
5210.0919 11.123
5211.7332 11.121
5213.3745 11.119
5215.0158 11.118
5216.6571 11.118
5218.2983 11.119
5219.9396 11.121
5221.5809 11.123
5223.2222 11.126
5224.8635 11.128
5226.5048 11.130
5228.1461 11.130
5229.7873 11.127
5231.4286 11.125
5233.0699 11.128
5234.7112 11.132
5236.3525 11.135
5237.9938 11.137
5239.6350 11.136
5241.2763 11.136
5242.9176 11.136
5244.5589 11.137
5246.2002 11.139
5247.8415 11.139
5249.4827 11.137
5251.1240 11.134
5252.7653 11.133
5254.4066 11.134
5256.0479 11.135
5257.6892 11.133
5259.3305 11.130
5260.9717 11.130
5262.6130 11.134
5264.2543 11.140
5265.8956 11.143
5267.5369 11.146
5269.1782 11.146
5270.8194 11.144
5272.4607 11.142
5274.1020 11.143
5275.7433 11.143
5277.3846 11.142
5279.0259 11.140
5280.6672 11.139
5282.3084 11.140
5283.9497 11.142
5285.5910 11.144
5287.2323 11.146
5288.8736 11.147
5290.5149 11.146
5292.1561 11.143
5293.7974 11.142
5295.4387 11.145
5297.0800 11.150
5298.7213 11.151
5300.3626 11.150
5302.0038 11.151
5303.6451 11.155
5305.2864 11.157
5306.9277 11.158
5308.5690 11.158
5310.2103 11.159
5311.8516 11.160
5313.4928 11.162
5315.1341 11.166
5316.7754 11.169
5318.4167 11.168
5320.0580 11.165
5321.6993 11.164
5323.3405 11.166
5324.9818 11.169
5326.6231 11.170
5328.2644 11.171
5329.9057 11.173
5331.5470 11.174
5333.1882 11.173
5334.8295 11.172
5336.4708 11.171
5338.1121 11.171
5339.7534 11.171
5341.3947 11.171
5343.0360 11.172
5344.6772 11.174
5346.3185 11.174
5347.9598 11.178
5349.6011 11.190
5351.2424 11.193
5352.8837 11.191
5354.5249 11.190
5356.1662 11.191
5357.8075 11.191
5359.4488 11.191
5361.0901 11.191
5362.7314 11.189
5364.3727 11.186
5366.0139 11.185
5367.6552 11.184
5369.2965 11.183
5370.9378 11.186
5372.5791 11.189
5374.2204 11.191
5375.8616 11.191
5377.5029 11.191
5379.1442 11.193
5380.7855 11.196
5382.4268 11.199
5384.0681 11.200
5385.7093 11.199
5387.3506 11.198
5388.9919 11.197
5390.6332 11.196
5392.2745 11.198
5393.9158 11.201
5395.5571 11.202
5397.1983 11.203
5398.8396 11.207
5400.4809 11.212
5402.1222 11.217
5403.7635 11.223
5405.4048 11.231
5407.0460 11.240
5408.6873 11.249
5410.3286 11.255
5411.9699 11.258
5413.6112 11.256
5415.2525 11.253
5416.8937 11.246
5418.5350 11.238
5420.1763 11.230
5421.8176 11.224
5423.4589 11.219
5425.1002 11.217
5426.7415 11.219
5428.3827 11.222
5430.0240 11.222
5431.6653 11.220
5433.3066 11.219
5434.9479 11.220
5436.5892 11.221
5438.2304 11.222
5439.8717 11.221
5441.5130 11.220
5443.1543 11.219
5444.7956 11.219
5446.4369 11.218
5448.0781 11.217
5449.7194 11.216
5451.3607 11.216
5453.0020 11.216
5454.6433 11.219
5456.2846 11.221
5457.9259 11.220
5459.5671 11.219
5461.2084 11.220
5462.8497 11.222
5464.4910 11.224
5466.1323 11.226
5467.7736 11.228
5469.4148 11.230
5471.0561 11.230
5472.6974 11.231
5474.3387 11.232
5475.9800 11.234
5477.6213 11.234
5479.2626 11.233
5480.9038 11.232
5482.5451 11.232
5484.1864 11.232
5485.8277 11.231
5487.4690 11.230
5489.1103 11.232
5490.7515 11.236
5492.3928 11.237
5494.0341 11.238
5495.6754 11.240
5497.3167 11.240
5498.9580 11.239
5500.5992 11.238
5502.2405 11.240
5503.8818 11.242
5505.5231 11.243
5507.1644 11.242
5508.8057 11.241
5510.4470 11.242
5512.0882 11.243
5513.7295 11.244
5515.3708 11.245
5517.0121 11.247
5518.6534 11.248
5520.2947 11.248
5521.9359 11.249
5523.5772 11.250
5525.2185 11.252
5526.8598 11.250
5528.5011 11.246
5530.1424 11.245
5531.7836 11.245
5533.4249 11.247
5535.0662 11.246
5536.7075 11.245
5538.3488 11.246
5539.9901 11.248
5541.6314 11.248
5543.2726 11.248
5544.9139 11.249
5546.5552 11.252
5548.1965 11.255
5549.8378 11.258
5551.4791 11.261
5553.1203 11.262
5554.7616 11.261
5556.4029 11.260
5558.0442 11.261
5559.6855 11.262
5561.3268 11.263
5562.9681 11.261
5564.6093 11.257
5566.2506 11.254
5567.8919 11.254
5569.5332 11.254
5571.1745 11.252
5572.8158 11.247
5574.4570 11.240
5576.0983 11.235
5577.7396 11.233
5579.3809 11.238
5581.0222 11.244
5582.6635 11.245
5584.3047 11.245
5585.9460 11.248
5587.5873 11.251
5589.2286 11.253
5590.8699 11.256
5592.5112 11.261
5594.1525 11.266
5595.7937 11.268
5597.4350 11.268
5599.0763 11.269
5600.7176 11.272
5602.3589 11.276
5604.0002 11.280
5605.6414 11.281
5607.2827 11.281
5608.9240 11.278
5610.5653 11.275
5612.2066 11.274
5613.8479 11.276
5615.4891 11.277
5617.1304 11.277
5618.7717 11.276
5620.4130 11.275
5622.0543 11.273
5623.6956 11.270
5625.3369 11.268
5626.9781 11.269
5628.6194 11.272
5630.2607 11.275
5631.9020 11.277
5633.5433 11.277
5635.1846 11.277
5636.8258 11.277
5638.4671 11.280
5640.1084 11.282
5641.7497 11.284
5643.3910 11.282
5645.0323 11.278
5646.6735 11.276
5648.3148 11.279
5649.9561 11.283
5651.5974 11.286
5653.2387 11.287
5654.8800 11.287
5656.5213 11.286
5658.1625 11.286
5659.8038 11.288
5661.4451 11.289
5663.0864 11.291
5664.7277 11.295
5666.3690 11.297
5668.0102 11.296
5669.6515 11.294
5671.2928 11.294
5672.9341 11.298
5674.5754 11.301
5676.2167 11.304
5677.8580 11.305
5679.4992 11.306
5681.1405 11.308
5682.7818 11.309
5684.4231 11.309
5686.0644 11.308
5687.7057 11.308
5689.3469 11.307
5690.9882 11.306
5692.6295 11.308
5694.2708 11.312
5695.9121 11.315
5697.5534 11.316
5699.1946 11.317
5700.8359 11.315
5702.4772 11.313
5704.1185 11.315
5705.7598 11.317
5707.4011 11.318
5709.0424 11.317
5710.6836 11.318
5712.3249 11.321
5713.9662 11.325
5715.6075 11.328
5717.2488 11.329
5718.8901 11.326
5720.5313 11.321
5722.1726 11.318
5723.8139 11.316
5725.4552 11.316
5727.0965 11.319
5728.7378 11.323
5730.3790 11.326
5732.0203 11.327
5733.6616 11.325
5735.3029 11.323
5736.9442 11.322
5738.5855 11.323
5740.2268 11.327
5741.8680 11.330
5743.5093 11.330
5745.1506 11.331
5746.7919 11.331
5748.4332 11.330
5750.0745 11.329
5751.7157 11.327
5753.3570 11.328
5754.9983 11.331
5756.6396 11.335
5758.2809 11.337
5759.9222 11.337
5761.5635 11.338
5763.2047 11.338
5764.8460 11.336
5766.4873 11.333
5768.1286 11.330
5769.7699 11.328
5771.4112 11.327
5773.0524 11.328
5774.6937 11.331
5776.3350 11.334
5777.9763 11.336
5779.6176 11.340
5781.2589 11.342
5782.9001 11.344
5784.5414 11.346
5786.1827 11.347
5787.8240 11.349
5789.4653 11.352
5791.1066 11.354
5792.7479 11.355
5794.3891 11.353
5796.0304 11.349
5797.6717 11.345
5799.3130 11.340
5800.9543 11.335
5802.5956 11.331
5804.2368 11.330
5805.8781 11.332
5807.5194 11.335
5809.1607 11.339
5810.8020 11.339
5812.4433 11.339
5814.0845 11.343
5815.7258 11.347
5817.3671 11.352
5819.0084 11.357
5820.6497 11.359
5822.2910 11.358
5823.9323 11.356
5825.5735 11.354
5827.2148 11.353
5828.8561 11.354
5830.4974 11.355
5832.1387 11.356
5833.7800 11.355
5835.4212 11.351
5837.0625 11.350
5838.7038 11.354
5840.3451 11.359
5841.9864 11.358
5843.6277 11.354
5845.2690 11.352
5846.9102 11.350
5848.5515 11.350
5850.1928 11.350
5851.8341 11.349
5853.4754 11.350
5855.1167 11.354
5856.7579 11.358
5858.3992 11.359
5860.0405 11.358
5861.6818 11.358
5863.3231 11.360
5864.9644 11.363
5866.6056 11.366
5868.2469 11.367
5869.8882 11.366
5871.5295 11.365
5873.1708 11.366
5874.8121 11.368
5876.4534 11.369
5878.0946 11.371
5879.7359 11.376
5881.3772 11.381
5883.0185 11.384
5884.6598 11.385
5886.3011 11.387
5887.9423 11.390
5889.5836 11.391
5891.2249 11.391
5892.8662 11.391
5894.5075 11.393
5896.1488 11.395
5897.7900 11.395
5899.4313 11.395
5901.0726 11.394
5902.7139 11.394
5904.3552 11.394
5905.9965 11.393
5907.6378 11.388
5909.2790 11.382
5910.9203 11.380
5912.5616 11.380
5914.2029 11.378
5915.8442 11.379
5917.4855 11.382
5919.1267 11.385
5920.7680 11.387
5922.4093 11.388
5924.0506 11.388
5925.6919 11.388
5927.3332 11.387
5928.9744 11.393
5930.6157 11.402
5932.2570 11.396
5933.8983 11.400
5935.5396 11.396
5937.1809 11.384
5938.8222 11.383
5940.4634 11.387
5942.1047 11.392
5943.7460 11.396
5945.3873 11.400
5947.0286 11.403
5948.6699 11.404
5950.3111 11.402
5951.9524 11.397
5953.5937 11.394
5955.2350 11.394
5956.8763 11.397
5958.5176 11.399
5960.1589 11.401
5961.8001 11.403
5963.4414 11.406
5965.0827 11.409
5966.7240 11.408
5968.3653 11.405
5970.0066 11.407
5971.6478 11.410
5973.2891 11.414
5974.9304 11.417
5976.5717 11.417
5978.2130 11.415
5979.8543 11.411
5981.4955 11.408
5983.1368 11.407
5984.7781 11.407
5986.4194 11.406
5988.0607 11.406
5989.7020 11.409
5991.3433 11.412
5992.9845 11.415
5994.6258 11.416
5996.2671 11.415
5997.9084 11.416
5999.5497 11.417
6001.1910 11.419
6002.8322 11.424
6004.4735 11.424
6006.1148 11.422
6007.7561 11.421
6009.3974 11.419
6011.0387 11.420
6012.6799 11.423
6014.3212 11.425
6015.9625 11.428
6017.6038 11.429
6019.2451 11.428
6020.8864 11.429
6022.5277 11.432
6024.1689 11.436
6025.8102 11.441
6027.4515 11.444
6029.0928 11.443
6030.7341 11.441
6032.3754 11.441
6034.0166 11.441
6035.6579 11.442
6037.2992 11.440
6038.9405 11.435
6040.5818 11.429
6042.2231 11.426
6043.8644 11.425
6045.5056 11.427
6047.1469 11.428
6048.7882 11.429
6050.4295 11.431
6052.0708 11.432
6053.7121 11.433
6055.3533 11.434
6056.9946 11.438
6058.6359 11.444
6060.2772 11.450
6061.9185 11.454
6063.5598 11.453
6065.2010 11.453
6066.8423 11.452
6068.4836 11.453
6070.1249 11.453
6071.7662 11.454
6073.4075 11.454
6075.0488 11.453
6076.6900 11.454
6078.3313 11.455
6079.9726 11.452
6081.6139 11.450
6083.2552 11.453
6084.8965 11.456
6086.5377 11.457
6088.1790 11.456
6089.8203 11.456
6091.4616 11.460
6093.1029 11.465
6094.7442 11.466
6096.3854 11.467
6098.0267 11.463
6099.6680 11.457
6101.3093 11.455
6102.9506 11.454
6104.5919 11.457
6106.2332 11.461
6107.8744 11.460
6109.5157 11.457
6111.1570 11.455
6112.7983 11.453
6114.4396 11.451
6116.0809 11.450
6117.7221 11.452
6119.3634 11.457
6121.0047 11.465
6122.6460 11.474
6124.2873 11.479
6125.9286 11.476
6127.5698 11.473
6129.2111 11.470
6130.8524 11.468
6132.4937 11.467
6134.1350 11.466
6135.7763 11.468
6137.4176 11.469
6139.0588 11.467
6140.7001 11.466
6142.3414 11.464
6143.9827 11.464
6145.6240 11.468
6147.2653 11.473
6148.9065 11.476
6150.5478 11.475
6152.1891 11.475
6153.8304 11.479
6155.4717 11.484
6157.1130 11.486
6158.7543 11.486
6160.3955 11.488
6162.0368 11.488
6163.6781 11.489
6165.3194 11.490
6166.9607 11.491
6168.6020 11.491
6170.2432 11.487
6171.8845 11.484
6173.5258 11.484
6175.1671 11.485
6176.8084 11.484
6178.4497 11.481
6180.0909 11.478
6181.7322 11.477
6183.3735 11.476
6185.0148 11.478
6186.6561 11.480
6188.2974 11.481
6189.9387 11.482
6191.5799 11.484
6193.2212 11.489
6194.8625 11.498
6196.5038 11.503
6198.1451 11.502
6199.7864 11.500
6201.4276 11.501
6203.0689 11.505
6204.7102 11.506
6206.3515 11.507
6207.9928 11.508
6209.6341 11.507
6211.2753 11.506
6212.9166 11.503
6214.5579 11.501
6216.1992 11.501
6217.8405 11.502
6219.4818 11.502
6221.1231 11.502
6222.7643 11.502
6224.4056 11.503
6226.0469 11.503
6227.6882 11.503
6229.3295 11.505
6230.9708 11.505
6232.6120 11.505
6234.2533 11.505
6235.8946 11.508
6237.5359 11.510
6239.1772 11.510
6240.8185 11.511
6242.4598 11.514
6244.1010 11.520
6245.7423 11.525
6247.3836 11.526
6249.0249 11.523
6250.6662 11.522
6252.3075 11.521
6253.9487 11.521
6255.5900 11.523
6257.2313 11.525
6258.8726 11.528
6260.5139 11.532
6262.1552 11.537
6263.7964 11.540
6265.4377 11.542
6267.0790 11.539
6268.7203 11.535
6270.3616 11.535
6272.0029 11.538
6273.6442 11.544
6275.2854 11.552
6276.9267 11.560
6278.5680 11.568
6280.2093 11.573
6281.8506 11.572
6283.4919 11.565
6285.1331 11.558
6286.7744 11.553
6288.4157 11.553
6290.0570 11.554
6291.6983 11.553
6293.3396 11.551
6294.9808 11.552
6296.6221 11.553
6298.2634 11.551
6299.9047 11.551
6301.5460 11.552
6303.1873 11.554
6304.8286 11.555
6306.4698 11.556
6308.1111 11.557
6309.7524 11.556
6311.3937 11.554
6313.0350 11.552
6314.6763 11.553
6316.3175 11.555
6317.9588 11.559
6319.6001 11.563
6321.2414 11.565
6322.8827 11.561
6324.5240 11.556
6326.1653 11.548
6327.8065 11.544
6329.4478 11.544
6331.0891 11.545
6332.7304 11.550
6334.3717 11.557
6336.0130 11.560
6337.6542 11.559
6339.2955 11.556
6340.9368 11.553
6342.5781 11.552
6344.2194 11.553
6345.8607 11.553
6347.5019 11.551
6349.1432 11.550
6350.7845 11.549
6352.4258 11.550
6354.0671 11.551
6355.7084 11.553
6357.3497 11.555
6358.9909 11.557
6360.6322 11.559
6362.2735 11.558
6363.9148 11.555
6365.5561 11.552
6367.1974 11.552
6368.8386 11.555
6370.4799 11.554
6372.1212 11.553
6373.7625 11.555
6375.4038 11.557
6377.0451 11.556
6378.6863 11.556
6380.3276 11.556
6381.9689 11.556
6383.6102 11.558
6385.2515 11.562
6386.8928 11.565
6388.5341 11.566
6390.1753 11.567
6391.8166 11.567
6393.4579 11.565
6395.0992 11.560
6396.7405 11.555
6398.3818 11.554
6400.0230 11.555
6401.6643 11.558
6403.3056 11.561
6404.9469 11.564
6406.5882 11.567
6408.2295 11.567
6409.8707 11.567
6411.5120 11.567
6413.1533 11.570
6414.7946 11.571
6416.4359 11.572
6418.0772 11.574
6419.7185 11.578
6421.3597 11.581
6423.0010 11.578
6424.6423 11.574
6426.2836 11.576
6427.9249 11.580
6429.5662 11.586
6431.2074 11.588
6432.8487 11.585
6434.4900 11.581
6436.1313 11.580
6437.7726 11.581
6439.4139 11.582
6441.0552 11.583
6442.6964 11.582
6444.3377 11.580
6445.9790 11.578
6447.6203 11.576
6449.2616 11.574
6450.9029 11.575
6452.5441 11.577
6454.1854 11.577
6455.8267 11.577
6457.4680 11.575
6459.1093 11.574
6460.7506 11.579
6462.3918 11.586
6464.0331 11.591
6465.6744 11.594
6467.3157 11.593
6468.9570 11.592
6470.5983 11.592
6472.2396 11.592
6473.8808 11.592
6475.5221 11.589
6477.1634 11.587
6478.8047 11.589
6480.4460 11.592
6482.0873 11.595
6483.7285 11.598
6485.3698 11.597
6487.0111 11.594
6488.6524 11.592
6490.2937 11.591
6491.9350 11.595
6493.5762 11.600
6495.2175 11.600
6496.8588 11.598
6498.5001 11.595
6500.1414 11.592
6501.7827 11.590
6503.4240 11.590
6505.0652 11.589
6506.7065 11.590
6508.3478 11.592
6509.9891 11.593
6511.6304 11.592
6513.2717 11.594
6514.9129 11.597
6516.5542 11.602
6518.1955 11.606
6519.8368 11.608
6521.4781 11.609
6523.1194 11.613
6524.7607 11.616
6526.4019 11.617
6528.0432 11.617
6529.6845 11.614
6531.3258 11.610
6532.9671 11.608
6534.6084 11.608
6536.2496 11.612
6537.8909 11.621
6539.5322 11.629
6541.1735 11.636
6542.8148 11.641
6544.4561 11.645
6546.0973 11.650
6547.7386 11.661
6549.3799 11.673
6551.0212 11.684
6552.6625 11.695
6554.3038 11.715
6555.9451 11.737
6557.5863 11.758
6559.2276 11.780
6560.8689 11.802
6562.5102 11.820
6564.1515 11.824
6565.7928 11.816
6567.4340 11.799
6569.0753 11.776
6570.7166 11.751
6572.3579 11.729
6573.9992 11.712
6575.6405 11.698
6577.2817 11.682
6578.9230 11.666
6580.5643 11.657
6582.2056 11.655
6583.8469 11.654
6585.4882 11.654
6587.1295 11.649
6588.7707 11.641
6590.4120 11.632
6592.0533 11.628
6593.6946 11.627
6595.3359 11.627
6596.9772 11.626
6598.6184 11.624
6600.2597 11.624
6601.9010 11.626
6603.5423 11.631
6605.1836 11.635
6606.8249 11.635
6608.4661 11.632
6610.1074 11.626
6611.7487 11.622
6613.3900 11.623
6615.0313 11.628
6616.6726 11.633
6618.3139 11.636
6619.9551 11.634
6621.5964 11.630
6623.2377 11.626
6624.8790 11.623
6626.5203 11.621
6628.1616 11.621
6629.8028 11.624
6631.4441 11.628
6633.0854 11.632
6634.7267 11.634
6636.3680 11.636
6638.0093 11.636
6639.6506 11.635
6641.2918 11.632
6642.9331 11.631
6644.5744 11.632
6646.2157 11.632
6647.8570 11.631
6649.4983 11.631
6651.1395 11.631
6652.7808 11.630
6654.4221 11.630
6656.0634 11.629
6657.7047 11.632
6659.3460 11.637
6660.9872 11.641
6662.6285 11.644
6664.2698 11.647
6665.9111 11.648
6667.5524 11.647
6669.1937 11.644
6670.8350 11.640
6672.4762 11.637
6674.1175 11.634
6675.7588 11.631
6677.4001 11.630
6679.0414 11.629
6680.6827 11.629
6682.3239 11.633
6683.9652 11.637
6685.6065 11.638
6687.2478 11.641
6688.8891 11.643
6690.5304 11.644
6692.1716 11.645
6693.8129 11.647
6695.4542 11.649
6697.0955 11.651
6698.7368 11.653
6700.3781 11.652
6702.0194 11.651
6703.6606 11.651
6705.3019 11.649
6706.9432 11.645
6708.5845 11.643
6710.2258 11.647
6711.8671 11.651
6713.5083 11.651
6715.1496 11.653
6716.7909 11.655
6718.4322 11.659
6720.0735 11.657
6721.7148 11.652
6723.3561 11.650
6724.9973 11.650
6726.6386 11.653
6728.2799 11.653
6729.9212 11.651
6731.5625 11.654
6733.2038 11.656
6734.8450 11.656
6736.4863 11.656
6738.1276 11.654
6739.7689 11.653
6741.4102 11.655
6743.0515 11.659
6744.6927 11.662
6746.3340 11.664
6747.9753 11.659
6749.6166 11.655
6751.2579 11.659
6752.8992 11.663
6754.5405 11.660
6756.1817 11.656
6757.8230 11.657
6759.4643 11.659
6761.1056 11.657
6762.7469 11.652
6764.3882 11.651
6766.0294 11.653
6767.6707 11.657
6769.3120 11.661
6770.9533 11.663
6772.5946 11.663
6774.2359 11.662
6775.8771 11.662
6777.5184 11.664
6779.1597 11.666
6780.8010 11.669
6782.4423 11.670
6784.0836 11.671
6785.7249 11.674
6787.3661 11.678
6789.0074 11.680
6790.6487 11.680
6792.2900 11.678
6793.9313 11.676
6795.5726 11.675
6797.2138 11.675
6798.8551 11.677
6800.4964 11.679
6802.1377 11.679
6803.7790 11.676
6805.4203 11.672
6807.0615 11.668
6808.7028 11.670
6810.3441 11.673
6811.9854 11.676
6813.6267 11.679
6815.2680 11.679
6816.9093 11.680
6818.5505 11.680
6820.1918 11.676
6821.8331 11.671
6823.4744 11.667
6825.1157 11.666
6826.7570 11.664
6828.3982 11.662
6830.0395 11.661
6831.6808 11.660
6833.3221 11.660
6834.9634 11.660
6836.6047 11.661
6838.2460 11.663
6839.8872 11.667
6841.5285 11.672
6843.1698 11.675
6844.8111 11.678
6846.4524 11.679
6848.0937 11.676
6849.7349 11.672
6851.3762 11.672
6853.0175 11.676
6854.6588 11.680
6856.3001 11.684
6857.9414 11.692
6859.5826 11.706
6861.2239 11.728
6862.8652 11.758
6864.5065 11.797
6866.1478 11.844
6867.7891 11.889
6869.4304 11.922
6871.0716 11.935
6872.7129 11.924
6874.3542 11.905
6875.9955 11.874
6877.6368 11.842
6879.2781 11.817
6880.9193 11.798
6882.5606 11.795
6884.2019 11.801
6885.8432 11.815
6887.4845 11.823
6889.1258 11.822
6890.7670 11.816
6892.4083 11.812
6894.0496 11.808
6895.6909 11.801
6897.3322 11.794
6898.9735 11.791
6900.6148 11.792
6902.2560 11.793
6903.8973 11.793
6905.5386 11.789
6907.1799 11.775
6908.8212 11.762
6910.4625 11.750
6912.1037 11.738
6913.7450 11.730
6915.3863 11.725
6917.0276 11.722
6918.6689 11.718
6920.3102 11.716
6921.9515 11.714
6923.5927 11.713
6925.2340 11.712
6926.8753 11.712
6928.5166 11.710
6930.1579 11.708
6931.7992 11.709
6933.4404 11.710
6935.0817 11.711
6936.7230 11.714
6938.3643 11.719
6940.0056 11.723
6941.6469 11.726
6943.2881 11.728
6944.9294 11.728
6946.5707 11.730
6948.2120 11.731
6949.8533 11.730
6951.4946 11.731
6953.1359 11.732
6954.7771 11.732
6956.4184 11.730
6958.0597 11.725
6959.7010 11.718
6961.3423 11.709
6962.9836 11.698
6964.6248 11.692
6966.2661 11.689
6967.9074 11.687
6969.5487 11.686
6971.1900 11.685
6972.8313 11.687
6974.4725 11.693
6976.1138 11.701
6977.7551 11.709
6979.3964 11.713
6981.0377 11.715
6982.6790 11.719
6984.3203 11.724
6985.9615 11.731
6987.6028 11.736
6989.2441 11.736
6990.8854 11.731
6992.5267 11.725
6994.1680 11.720
6995.8092 11.720
6997.4505 11.726
6999.0918 11.731
7000.7331 11.729
7002.3744 11.724
7004.0157 11.722
7005.6570 11.721
7007.2982 11.720
7008.9395 11.723
7010.5808 11.723
7012.2221 11.721
7013.8634 11.723
7015.5047 11.724
7017.1459 11.725
7018.7872 11.728
7020.4285 11.729
7022.0698 11.727
7023.7111 11.722
7025.3524 11.715
7026.9936 11.710
7028.6349 11.709
7030.2762 11.709
7031.9175 11.705
7033.5588 11.702
7035.2001 11.698
7036.8414 11.693
7038.4826 11.693
7040.1239 11.696
7041.7652 11.698
7043.4065 11.702
7045.0478 11.707
7046.6891 11.711
7048.3303 11.714
7049.9716 11.717
7051.6129 11.716
7053.2542 11.709
7054.8955 11.702
7056.5368 11.700
7058.1780 11.700
7059.8193 11.704
7061.4606 11.706
7063.1019 11.704
7064.7432 11.700
7066.3845 11.697
7068.0258 11.694
7069.6670 11.696
7071.3083 11.700
7072.9496 11.706
7074.5909 11.713
7076.2322 11.717
7077.8735 11.721
7079.5147 11.725
7081.1560 11.729
7082.7973 11.730
7084.4386 11.730
7086.0799 11.733
7087.7212 11.740
7089.3624 11.747
7091.0037 11.754
7092.6450 11.758
7094.2863 11.760
7095.9276 11.761
7097.5689 11.760
7099.2102 11.759
7100.8514 11.755
7102.4927 11.749
7104.1340 11.747
7105.7753 11.746
7107.4166 11.739
7109.0579 11.733
7110.6991 11.731
7112.3404 11.734
7113.9817 11.742
7115.6230 11.750
7117.2643 11.755
7118.9056 11.759
7120.5469 11.761
7122.1881 11.761
7123.8294 11.761
7125.4707 11.760
7127.1120 11.760
7128.7533 11.763
7130.3946 11.765
7132.0358 11.759
7133.6771 11.753
7135.3184 11.750
7136.9597 11.749
7138.6010 11.753
7140.2423 11.757
7141.8835 11.752
7143.5248 11.748
7145.1661 11.750
7146.8074 11.758
7148.4487 11.765
7150.0900 11.767
7151.7313 11.771
7153.3725 11.778
7155.0138 11.782
7156.6551 11.785
7158.2964 11.786
7159.9377 11.779
7161.5790 11.774
7163.2202 11.779
7164.8615 11.787
7166.5028 11.797
7168.1441 11.808
7169.7854 11.817
7171.4267 11.827
7173.0679 11.832
7174.7092 11.832
7176.3505 11.834
7177.9918 11.839
7179.6331 11.844
7181.2744 11.849
7182.9157 11.859
7184.5569 11.869
7186.1982 11.870
7187.8395 11.864
7189.4808 11.859
7191.1221 11.860
7192.7634 11.860
7194.4046 11.853
7196.0459 11.849
7197.6872 11.858
7199.3285 11.868
7200.9698 11.868
7202.6111 11.860
7204.2524 11.841
7205.8936 11.820
7207.5349 11.805
7209.1762 11.795
7210.8175 11.791
7212.4588 11.790
7214.1001 11.791
7215.7413 11.791
7217.3826 11.788
7219.0239 11.780
7220.6652 11.773
7222.3065 11.773
7223.9478 11.777
7225.5890 11.786
7227.2303 11.796
7228.8716 11.802
7230.5129 11.808
7232.1542 11.816
7233.7955 11.823
7235.4368 11.830
7237.0780 11.833
7238.7193 11.829
7240.3606 11.822
7242.0019 11.822
7243.6432 11.821
7245.2845 11.812
7246.9257 11.802
7248.5670 11.801
7250.2083 11.809
7251.8496 11.816
7253.4909 11.819
7255.1322 11.823
7256.7734 11.825
7258.4147 11.829
7260.0560 11.835
7261.6973 11.840
7263.3386 11.841
7264.9799 11.839
7266.6212 11.833
7268.2624 11.826
7269.9037 11.823
7271.5450 11.821
7273.1863 11.815
7274.8276 11.807
7276.4689 11.806
7278.1101 11.810
7279.7514 11.813
7281.3927 11.814
7283.0340 11.816
7284.6753 11.820
7286.3166 11.825
7287.9578 11.830
7289.5991 11.827
7291.2404 11.821
7292.8817 11.816
7294.5230 11.820
7296.1643 11.823
7297.8056 11.823
7299.4468 11.829
7301.0881 11.836
7302.7294 11.840
7304.3707 11.841
7306.0120 11.840
7307.6533 11.837
7309.2945 11.833
7310.9358 11.826
7312.5771 11.816
7314.2184 11.810
7315.8597 11.804
7317.5010 11.801
7319.1423 11.804
7320.7835 11.802
7322.4248 11.792
7324.0661 11.786
7325.7074 11.786
7327.3487 11.787
7328.9900 11.800
7330.6312 11.809
7332.2725 11.803
7333.9138 11.795
7335.5551 11.791
7337.1964 11.790
7338.8377 11.786
7340.4789 11.786
7342.1202 11.794
7343.7615 11.801
7345.4028 11.802
7347.0441 11.796
7348.6854 11.790
7350.3267 11.790
7351.9679 11.794
7353.6092 11.796
7355.2505 11.799
7356.8918 11.806
7358.5331 11.809
7360.1744 11.803
7361.8156 11.799
7363.4569 11.804
7365.0982 11.809
7366.7395 11.819
7368.3808 11.821
7370.0221 11.818
7371.6633 11.814
7373.3046 11.807
7374.9459 11.802
7376.5872 11.798
7378.2285 11.792
7379.8698 11.790
7381.5111 11.791
7383.1523 11.793
7384.7936 11.799
7386.4349 11.803
7388.0762 11.791
7389.7175 11.782
7391.3588 11.785
7393.0000 11.788
7394.6413 11.793
7396.2826 11.802
7397.9239 11.802
7399.5652 11.798
7401.2065 11.793
7402.8478 11.790
7404.4890 11.786
7406.1303 11.781
7407.7716 11.780
7409.4129 11.781
7411.0542 11.786
7412.6955 11.793
7414.3367 11.792
7415.9780 11.785
7417.6193 11.780
7419.2606 11.781
7420.9019 11.784
7422.5432 11.788
7424.1844 11.790
7425.8257 11.792
7427.4670 11.794
7429.1083 11.793
7430.7496 11.794
7432.3909 11.800
7434.0322 11.808
7435.6734 11.809
7437.3147 11.801
7438.9560 11.799
7440.5973 11.803
7442.2386 11.803
7443.8799 11.799
7445.5211 11.796
7447.1624 11.796
7448.8037 11.796
7450.4450 11.792
7452.0863 11.790
7453.7276 11.795
7455.3688 11.800
7457.0101 11.800
7458.6514 11.798
7460.2927 11.802
7461.9340 11.807
7463.5753 11.804
7465.2166 11.798
7466.8578 11.797
7468.4991 11.798
7470.1404 11.794
7471.7817 11.795
7473.4230 11.798
7475.0643 11.799
7476.7055 11.804
7478.3468 11.811
7479.9881 11.817
7481.6294 11.821
7483.2707 11.820
7484.9120 11.813
7486.5533 11.810
7488.1945 11.814
7489.8358 11.818
7491.4771 11.809
7493.1184 11.800
7494.7597 11.805
7496.4010 11.813
7498.0422 11.819
7499.6835 11.819
7501.3248 11.818
7502.9661 11.819
7504.6074 11.808
7506.2487 11.792
7507.8899 11.790
7509.5312 11.802
7511.1725 11.807
7512.8138 11.803
7514.4551 11.802
7516.0964 11.812
7517.7377 11.820
7519.3789 11.822
7521.0202 11.821
7522.6615 11.823
7524.3028 11.829
7525.9441 11.834
7527.5854 11.840
7529.2266 11.833
7530.8679 11.822
7532.5092 11.820
7534.1505 11.822
7535.7918 11.824
7537.4331 11.826
7539.0743 11.828
7540.7156 11.828
7542.3569 11.829
7543.9982 11.832
7545.6395 11.834
7547.2808 11.832
7548.9221 11.830
7550.5633 11.823
7552.2046 11.814
7553.8459 11.812
7555.4872 11.810
7557.1285 11.811
7558.7698 11.816
7560.4110 11.837
7562.0523 11.855
7563.6936 11.844
7565.3349 11.825
7566.9762 11.827
7568.6175 11.843
7570.2587 11.853
7571.9000 11.857
7573.5413 11.853
7575.1826 11.842
7576.8239 11.832
7578.4652 11.830
7580.1065 11.834
7581.7477 11.846
7583.3890 11.860
7585.0303 11.875
7586.6716 11.894
7588.3129 11.940
7589.9542 12.001
7591.5954 12.076
7593.2367 12.169
7594.8780 12.301
7596.5193 12.444
7598.1606 12.587
7599.8019 12.725
7601.4432 12.832
7603.0844 12.907
7604.7257 12.948
7606.3670 12.954
7608.0083 12.923
7609.6496 12.849
7611.2909 12.749
7612.9321 12.625
7614.5734 12.505
7616.2147 12.411
7617.8560 12.347
7619.4973 12.350
7621.1386 12.382
7622.7798 12.402
7624.4211 12.414
7626.0624 12.435
7627.7037 12.449
7629.3450 12.470
7630.9863 12.489
7632.6276 12.481
7634.2688 12.455
7635.9101 12.429
7637.5514 12.400
7639.1927 12.367
7640.8340 12.339
7642.4753 12.318
7644.1165 12.310
7645.7578 12.299
7647.3991 12.271
7649.0404 12.234
7650.6817 12.186
7652.3230 12.137
7653.9642 12.101
7655.6055 12.071
7657.2468 12.061
7658.8881 12.056
7660.5294 12.036
7662.1707 12.013
7663.8120 11.990
7665.4532 11.974
7667.0945 11.976
7668.7358 11.986
7670.3771 11.982
7672.0184 11.960
7673.6597 11.943
7675.3009 11.934
7676.9422 11.929
7678.5835 11.933
7680.2248 11.935
7681.8661 11.919
7683.5074 11.902
7685.1487 11.892
7686.7899 11.886
7688.4312 11.878
7690.0725 11.870
7691.7138 11.865
7693.3551 11.861
7694.9964 11.867
7696.6376 11.879
7698.2789 11.872
7699.9202 11.854
7701.5615 11.849
7703.2028 11.859
7704.8441 11.866
7706.4853 11.868
7708.1266 11.862
7709.7679 11.852
7711.4092 11.845
7713.0505 11.836
7714.6918 11.830
7716.3331 11.819
7717.9743 11.800
7719.6156 11.813
7721.2569 11.830
7722.8982 11.828
7724.5395 11.824
7726.1808 11.809
7727.8220 11.798
7729.4633 11.802
7731.1046 11.810
7732.7459 11.825
7734.3872 11.838
7736.0285 11.840
7737.6697 11.837
7739.3110 11.837
7740.9523 11.835
7742.5936 11.839
7744.2349 11.851
7745.8762 11.855
7747.5175 11.859
7749.1587 11.865
7750.8000 11.852
7752.4413 11.843
7754.0826 11.827
7755.7239 11.806
7757.3652 11.819
7759.0064 11.836
7760.6477 11.837
7762.2890 11.838
7763.9303 11.836
7765.5716 11.832
7767.2129 11.823
7768.8541 11.813
7770.4954 11.815
7772.1367 11.829
7773.7780 11.829
7775.4193 11.787
7777.0606 11.753
7778.7019 11.771
7780.3431 11.787
7781.9844 11.812
7783.6257 11.838
7785.2670 11.849
7786.9083 11.866
7788.5496 11.862
7790.1908 11.854
7791.8321 11.885
7793.4734 11.929
7795.1147 11.943
7796.7560 11.932
7798.3973 11.909
7800.0386 11.878
7801.6798 11.859
7803.3211 11.857
7804.9624 11.854
7806.6037 11.859
7808.2450 11.864
7809.8863 11.852
7811.5275 11.846
7813.1688 11.859
7814.8101 11.868
7816.4514 11.857
7818.0927 11.844
7819.7340 11.841
7821.3752 11.845
7823.0165 11.857
7824.6578 11.867
7826.2991 11.865
7827.9404 11.857
7829.5817 11.853
7831.2230 11.855
7832.8642 11.864
7834.5055 11.879
7836.1468 11.890
7837.7881 11.887
7839.4294 11.881
7841.0707 11.868
7842.7119 11.856
7844.3532 11.860
7845.9945 11.862
7847.6358 11.868
7849.2771 11.877
7850.9184 11.863
7852.5596 11.848
7854.2009 11.859
7855.8422 11.876
7857.4835 11.872
7859.1248 11.860
7860.7661 11.860
7862.4074 11.867
7864.0486 11.871
7865.6899 11.876
7867.3312 11.868
7868.9725 11.835
7870.6138 11.811
7872.2551 11.820
7873.8963 11.829
7875.5376 11.823
7877.1789 11.817
7878.8202 11.834
7880.4615 11.849
7882.1028 11.899
7883.7441 11.957
7885.3853 11.945
7887.0266 11.916
7888.6679 11.887
7890.3092 11.851
7891.9505 11.865
7893.5918 11.918
7895.2330 11.882
7896.8743 11.754
7898.5156 11.715
7900.1569 11.798
7901.7982 11.877
7903.4395 11.887
7905.0807 11.899
7906.7220 11.911
7908.3633 11.918
7910.0046 11.916
7911.6459 11.905
7913.2872 11.895
7914.9285 11.890
7916.5697 11.891
7918.2110 11.897
7919.8523 11.900
7921.4936 11.896
7923.1349 11.884
7924.7762 11.872
7926.4174 11.864
7928.0587 11.867
7929.7000 11.872
7931.3413 11.873
7932.9826 11.870
7934.6239 11.861
7936.2651 11.863
7937.9064 11.871
7939.5477 11.878
7941.1890 11.881
7942.8303 11.877
7944.4716 11.864
7946.1129 11.851
7947.7541 11.847
7949.3954 11.850
7951.0367 11.858
7952.6780 11.871
7954.3193 11.882
7955.9606 11.888
7957.6018 11.890
7959.2431 11.888
7960.8844 11.882
7962.5257 11.876
7964.1670 11.871
7965.8083 11.854
7967.4496 11.834
7969.0908 11.814
7970.7321 11.811
7972.3734 11.838
7974.0147 11.867
7975.6560 11.892
7977.2973 11.905
7978.9385 11.902
7980.5798 11.890
7982.2211 11.887
7983.8624 11.891
7985.5037 11.901
7987.1450 11.912
7988.7862 11.920
7990.4275 11.936
7992.0688 11.952
7993.7101 11.959
7995.3514 11.952
7996.9927 11.930
7998.6340 11.906
8000.2752 11.889
8001.9165 11.882
8003.5578 11.884
8005.1991 11.893
8006.8404 11.894
8008.4817 11.892
8010.1229 11.894
8011.7642 11.900
8013.4055 11.911
8015.0468 11.913
8016.6881 11.908
8018.3294 11.908
8019.9706 11.911
8021.6119 11.922
8023.2532 11.926
8024.8945 11.920
8026.5358 11.915
8028.1771 11.914
8029.8184 11.918
8031.4596 11.909
8033.1009 11.888
8034.7422 11.870
8036.3835 11.857
8038.0248 11.851
8039.6661 11.854
8041.3073 11.866
8042.9486 11.881
8044.5899 11.890
8046.2312 11.894
8047.8725 11.893
8049.5138 11.892
8051.1550 11.905
8052.7963 11.920
8054.4376 11.929
8056.0789 11.927
8057.7202 11.909
8059.3615 11.876
8061.0028 11.859
8062.6440 11.862
8064.2853 11.881
8065.9266 11.909
8067.5679 11.926
8069.2092 11.926
8070.8505 11.916
8072.4917 11.908
8074.1330 11.908
8075.7743 11.928
8077.4156 11.946
8079.0569 11.949
8080.6982 11.940
8082.3395 11.921
8083.9807 11.901
8085.6220 11.890
8087.2633 11.887
8088.9046 11.890
8090.5459 11.895
8092.1872 11.897
8093.8284 11.896
8095.4697 11.897
8097.1110 11.905
8098.7523 11.916
8100.3936 11.922
8102.0349 11.917
8103.6761 11.904
8105.3174 11.900
8106.9587 11.902
8108.6000 11.907
8110.2413 11.915
8111.8826 11.925
8113.5239 11.927
8115.1651 11.926
8116.8064 11.928
8118.4477 11.938
8120.0890 11.959
8121.7303 11.964
8123.3716 11.968
8125.0128 11.982
8126.6541 12.004
8128.2954 12.028
8129.9367 12.025
8131.5780 12.016
8133.2193 12.015
8134.8605 12.022
8136.5018 12.036
8138.1431 12.040
8139.7844 12.040
8141.4257 12.041
8143.0670 12.044
8144.7083 12.051
8146.3495 12.058
8147.9908 12.063
8149.6321 12.066
8151.2734 12.069
8152.9147 12.074
8154.5560 12.081
8156.1972 12.084
8157.8385 12.080
8159.4798 12.072
8161.1211 12.059
8162.7624 12.048
8164.4037 12.042
8166.0450 12.039
8167.6862 12.034
8169.3275 12.026
8170.9688 12.017
8172.6101 12.011
8174.2514 12.016
8175.8927 12.032
8177.5339 12.054
8179.1752 12.075
8180.8165 12.076
8182.4578 12.040
8184.0991 12.009
8185.7404 11.992
8187.3816 12.000
8189.0229 12.028
8190.6642 12.046
8192.3055 12.044
8193.9468 12.036
8195.5881 12.037
8197.2294 12.058
8198.8706 12.107
8200.5119 12.137
8202.1532 12.143
8203.7945 12.129
8205.4358 12.103
8207.0771 12.090
8208.7183 12.075
8210.3596 12.061
8212.0009 12.052
8213.6422 12.047
8215.2835 12.038
8216.9248 12.026
8218.5660 12.019
8220.2073 12.022
8221.8486 12.030
8223.4899 12.032
8225.1312 12.044
8226.7725 12.080
8228.4138 12.131
8230.0550 12.186
8231.6963 12.238
8233.3376 12.251
8234.9789 12.220
8236.6202 12.177
8238.2615 12.129
8239.9027 12.082
8241.5440 12.044
8243.1853 12.025
8244.8266 12.032
8246.4679 12.047
8248.1092 12.064
8249.7504 12.058
8251.3917 12.026
8253.0330 12.011
8254.6743 12.010
8256.3156 12.021
8257.9569 12.042
8259.5982 12.063
8261.2394 12.068
8262.8807 12.061
8264.5220 12.047
8266.1633 12.036
8267.8046 12.038
8269.4459 12.049
8271.0871 12.055
8272.7284 12.051
8274.3697 12.045
8276.0110 12.041
8277.6523 12.040
8279.2936 12.053
8280.9349 12.077
8282.5761 12.102
8284.2174 12.126
8285.8587 12.152
8287.5000 12.184
8289.1413 12.219
8290.7826 12.249
8292.4238 12.269
8294.0651 12.256
8295.7064 12.212
8297.3477 12.158
8298.9890 12.112
8300.6303 12.075
8302.2715 12.045
8303.9128 12.023
8305.5541 12.016
8307.1954 12.034
8308.8367 12.072
8310.4780 12.131
8312.1193 12.182
8313.7605 12.195
8315.4018 12.178
8317.0431 12.142
8318.6844 12.098
8320.3257 12.063
8321.9670 12.050
8323.6082 12.041
8325.2495 12.034
8326.8908 12.031
8328.5321 12.037
8330.1734 12.065
8331.8147 12.099
8333.4559 12.119
8335.0972 12.113
8336.7385 12.082
8338.3798 12.038
8340.0211 12.020
8341.6624 12.021
8343.3037 12.026
8344.9449 12.028
8346.5862 12.012
8348.2275 12.012
8349.8688 12.015
8351.5101 12.007
8353.1514 12.002
8354.7926 12.019
8356.4339 12.055
8358.0752 12.093
8359.7165 12.117
8361.3578 12.122
8362.9991 12.102
8364.6404 12.074
8366.2816 12.050
8367.9229 12.036
8369.5642 12.045
8371.2055 12.086
8372.8468 12.110
8374.4881 12.095
8376.1293 12.061
8377.7706 12.026
8379.4119 11.999
8381.0532 11.997
8382.6945  0.000
