2703.8508  0.000
2705.9322  0.000
2708.0136  0.000
2710.0950  0.000
2712.1764  0.000
2714.2578  0.000
2716.3392  0.000
2718.4206  0.000
2720.5020  0.000
2722.5834  0.000
2724.6648  0.000
2726.7462  0.000
2728.8276  0.000
2730.9090  0.000
2732.9904  0.000
2735.0718  0.000
2737.1532  0.000
2739.2346  0.000
2741.3160  0.000
2743.3974  0.000
2745.4788  0.000
2747.5602  0.000
2749.6416  0.000
2751.7230  0.000
2753.8044  0.000
2755.8858  0.000
2757.9672  0.000
2760.0486  0.000
2762.1300  0.000
2764.2114  0.000
2766.2928  0.000
2768.3742  0.000
2770.4556  0.000
2772.5370  0.000
2774.6184  0.000
2776.6998  0.000
2778.7812  0.000
2780.8626  0.000
2782.9440  0.000
2785.0254  0.000
2787.1068  0.000
2789.1882  0.000
2791.2696  0.000
2793.3510  0.000
2795.4324  0.000
2797.5138  0.000
2799.5952  0.000
2801.6766  0.000
2803.7580  0.000
2805.8394  0.000
2807.9208  0.000
2810.0022  0.000
2812.0836  0.000
2814.1650  0.000
2816.2464  0.000
2818.3278  0.000
2820.4092  0.000
2822.4906  0.000
2824.5720  0.000
2826.6534  0.000
2828.7348  0.000
2830.8162  0.000
2832.8976  0.000
2834.9790  0.000
2837.0604  0.000
2839.1418  0.000
2841.2232  0.000
2843.3046  0.000
2845.3860  0.000
2847.4674  0.000
2849.5488  0.000
2851.6302  0.000
2853.7116  0.000
2855.7930  0.000
2857.8744  0.000
2859.9558  0.000
2862.0372  0.000
2864.1186  0.000
2866.2000  0.000
2868.2814  0.000
2870.3628  0.000
2872.4442  0.000
2874.5256  0.000
2876.6070  0.000
2878.6884  0.000
2880.7698  0.000
2882.8512  0.000
2884.9326  0.000
2887.0140  0.000
2889.0954  0.000
2891.1768  0.000
2893.2582  0.000
2895.3396  0.000
2897.4210  0.000
2899.5024  0.000
2901.5838  0.000
2903.6652  0.000
2905.7466  0.000
2907.8280  0.000
2909.9094  0.000
2911.9908  0.000
2914.0722  0.000
2916.1536  0.000
2918.2350  0.000
2920.3164  0.000
2922.3978  0.000
2924.4792  0.000
2926.5606  0.000
2928.6420  0.000
2930.7234  0.000
2932.8048  0.000
2934.8862  0.000
2936.9676  0.000
2939.0490  0.000
2941.1304  0.000
2943.2118  0.000
2945.2932  0.000
2947.3746  0.000
2949.4560  0.000
2951.5374  0.000
2953.6188  0.000
2955.7002  0.000
2957.7816  0.000
2959.8630  0.000
2961.9444  0.000
2964.0258  0.000
2966.1072  0.000
2968.1886  0.000
2970.2700  0.000
2972.3514  0.000
2974.4328  0.000
2976.5142  0.000
2978.5956  0.000
2980.6770  0.000
2982.7584  0.000
2984.8398  0.000
2986.9212  0.000
2989.0026  0.000
2991.0840  0.000
2993.1654  0.000
2995.2468  0.000
2997.3282  0.000
2999.4096  0.000
3001.4910  0.000
3003.5724  0.000
3005.6538  0.000
3007.7352  0.000
3009.8166  0.000
3011.8980  0.000
3013.9794  0.000
3016.0608  0.000
3018.1422  0.000
3020.2236  0.000
3022.3050  0.000
3024.3864  0.000
3026.4678  0.000
3028.5492  0.000
3030.6306  0.000
3032.7120  0.000
3034.7934  0.000
3036.8748  0.000
3038.9562  0.000
3041.0376  0.000
3043.1190  0.000
3045.2004  0.000
3047.2818  0.000
3049.3632  0.000
3051.4446  0.000
3053.5260  0.000
3055.6074  0.000
3057.6888  0.000
3059.7702  0.000
3061.8516  0.000
3063.9330  0.000
3066.0144  0.000
3068.0958  0.000
3070.1772  0.000
3072.2586  0.000
3074.3400  0.000
3076.4214  0.000
3078.5028  0.000
3080.5842  0.000
3082.6656  0.000
3084.7470  0.000
3086.8284  0.000
3088.9098  0.000
3090.9912  0.000
3093.0726  0.000
3095.1540  0.000
3097.2354  0.000
3099.3168  0.000
3101.3982  0.000
3103.4796  0.000
3105.5610  0.000
3107.6424  0.000
3109.7238  0.000
3111.8052  0.000
3113.8866  0.000
3115.9680  0.000
3118.0494  0.000
3120.1308  0.000
3122.2122  0.000
3124.2936  0.000
3126.3750 10.956
3128.4564 10.962
3130.5378 11.026
3132.6192 11.002
3134.7006 11.009
3136.7820 11.033
3138.8634 11.043
3140.9448 11.036
3143.0262 11.032
3145.1076 11.041
3147.1890 11.052
3149.2704 11.053
3151.3518 11.040
3153.4332 11.034
3155.5146 11.029
3157.5960 11.023
3159.6774 11.017
3161.7588 11.012
3163.8402 11.006
3165.9216 10.973
3168.0030 10.940
3170.0844 10.907
3172.1658 10.954
3174.2472 10.926
3176.3286 10.913
3178.4100 10.905
3180.4914 10.912
3182.5728 10.921
3184.6542 10.924
3186.7356 10.924
3188.8170 10.918
3190.8984 10.909
3192.9798 10.914
3195.0612 10.924
3197.1426 10.925
3199.2240 10.910
3201.3054 10.898
3203.3868 10.891
3205.4682 10.888
3207.5496 10.882
3209.6310 10.885
3211.7124 10.897
3213.7938 10.900
3215.8752 10.892
3217.9566 10.890
3220.0380 10.890
3222.1194 10.902
3224.2008 10.924
3226.2822 10.949
3228.3636 10.955
3230.4450 10.933
3232.5264 10.915
3234.6078 10.918
3236.6892 10.935
3238.7706 10.959
3240.8520 10.968
3242.9334 10.961
3245.0148 10.951
3247.0962 10.940
3249.1776 10.939
3251.2590 10.938
3253.3404 10.928
3255.4218 10.922
3257.5032 10.926
3259.5846 10.929
3261.6660 10.930
3263.7474 10.936
3265.8288 10.937
3267.9102 10.925
3269.9916 10.921
3272.0730 10.926
3274.1544 10.924
3276.2358 10.919
3278.3172 10.920
3280.3986 10.923
3282.4800 10.919
3284.5614 10.906
3286.6428 10.905
3288.7242 10.911
3290.8056 10.906
3292.8870 10.901
3294.9684 10.897
3297.0498 10.900
3299.1312 10.892
3301.2126 10.894
3303.2940 10.899
3305.3754 10.907
3307.4568 10.903
3309.5382 10.899
3311.6196 10.893
3313.7010 10.888
3315.7824 10.880
3317.8638 10.890
3319.9452 10.905
3322.0266 10.913
3324.1080 10.910
3326.1894 10.908
3328.2708 10.917
3330.3522 10.918
3332.4336 10.912
3334.5150 10.918
3336.5964 10.926
3338.6778 10.921
3340.7592 10.897
3342.8406 10.875
3344.9220 10.868
3347.0034 10.876
3349.0848 10.887
3351.1662 10.891
3353.2476 10.893
3355.3290 10.890
3357.4104 10.886
3359.4918 10.898
3361.5732 10.907
3363.6546 10.906
3365.7360 10.896
3367.8174 10.898
3369.8988 10.891
3371.9802 10.899
3374.0616 10.917
3376.1430 10.924
3378.2244 10.933
3380.3058 10.929
3382.3872 10.914
3384.4686 10.906
3386.5500 10.913
3388.6314 10.910
3390.7128 10.922
3392.7942 10.934
3394.8756 10.930
3396.9570 10.927
3399.0384 10.921
3401.1198 10.907
3403.2012 10.895
3405.2826 10.892
3407.3640 10.892
3409.4454 10.906
3411.5268 10.924
3413.6082 10.929
3415.6896 10.927
3417.7710 10.925
3419.8524 10.932
3421.9338 10.932
3424.0152 10.930
3426.0966 10.925
3428.1780 10.926
3430.2594 10.929
3432.3408 10.940
3434.4222 10.950
3436.5036 10.954
3438.5850 10.950
3440.6664 10.945
3442.7478 10.944
3444.8292 10.946
3446.9106 10.956
3448.9920 10.959
3451.0734 10.962
3453.1548 10.965
3455.2362 10.960
3457.3176 10.956
3459.3990 10.959
3461.4804 10.968
3463.5618 10.977
3465.6432 10.978
3467.7246 10.964
3469.8060 10.946
3471.8874 10.942
3473.9688 10.954
3476.0502 10.970
3478.1316 10.975
3480.2130 10.969
3482.2944 10.967
3484.3758 10.973
3486.4572 10.986
3488.5386 10.992
3490.6200 10.996
3492.7014 10.996
3494.7828 10.987
3496.8642 10.986
3498.9456 10.990
3501.0270 10.995
3503.1084 10.991
3505.1898 10.983
3507.2712 10.976
3509.3526 10.972
3511.4340 10.974
3513.5154 10.986
3515.5968 11.004
3517.6782 11.009
3519.7596 10.997
3521.8410 10.991
3523.9224 11.002
3526.0038 11.003
3528.0852 10.990
3530.1666 10.983
3532.2480 10.987
3534.3294 10.984
3536.4108 10.975
3538.4922 10.971
3540.5736 10.967
3542.6550 10.966
3544.7364 10.971
3546.8178 10.977
3548.8992 10.983
3550.9806 10.989
3553.0620 10.995
3555.1434 11.001
3557.2248 11.000
3559.3062 10.988
3561.3876 10.977
3563.4690 10.983
3565.5504 10.999
3567.6318 11.011
3569.7132 11.008
3571.7946 11.004
3573.8760 11.007
3575.9574 11.020
3578.0388 11.024
3580.1202 11.019
3582.2016 11.012
3584.2830 11.007
3586.3644 11.010
3588.4458 11.011
3590.5272 11.009
3592.6086 11.015
3594.6900 11.019
3596.7714 11.017
3598.8528 11.015
3600.9342 11.016
3603.0156 11.025
3605.0970 11.029
3607.1784 11.016
3609.2598 11.003
3611.3412 11.010
3613.4226 11.015
3615.5040 11.026
3617.5854 11.041
3619.6668 11.048
3621.7482 11.043
3623.8296 11.031
3625.9110 11.022
3627.9924 11.027
3630.0738 11.027
3632.1552 11.032
3634.2366 11.041
3636.3180 11.047
3638.3994 11.052
3640.4808 11.054
3642.5622 11.053
3644.6436 11.052
3646.7250 11.051
3648.8064 11.047
3650.8878 11.044
3652.9692 11.044
3655.0506 11.043
3657.1320 11.031
3659.2134 11.021
3661.2948 11.031
3663.3762 11.054
3665.4576 11.062
3667.5390 11.053
3669.6204 11.041
3671.7018 11.036
3673.7832 11.033
3675.8646 11.031
3677.9460 11.035
3680.0274 11.050
3682.1088 11.063
3684.1902 11.063
3686.2716 11.064
3688.3530 11.063
3690.4344 11.058
3692.5158 11.054
3694.5972 11.057
3696.6786 11.064
3698.7600 11.064
3700.8414 11.065
3702.9228 11.069
3705.0042 11.063
3707.0856 11.061
3709.1670 11.062
3711.2484 11.058
3713.3298 11.055
3715.4112 11.056
3717.4926 11.063
3719.5740 11.072
3721.6554 11.080
3723.7368 11.087
3725.8182 11.088
3727.8996 11.083
3729.9810 11.081
3732.0624 11.091
3734.1438 11.110
3736.2252 11.120
3738.3066 11.113
3740.3880 11.106
3742.4694 11.100
3744.5508 11.096
3746.6321 11.094
3748.7135 11.093
3750.7949 11.096
3752.8763 11.106
3754.9577 11.116
3757.0391 11.117
3759.1205 11.110
3761.2019 11.103
3763.2833 11.104
3765.3647 11.114
3767.4461 11.124
3769.5275 11.128
3771.6089 11.123
3773.6903 11.118
3775.7717 11.119
3777.8531 11.117
3779.9345 11.120
3782.0159 11.128
3784.0973 11.132
3786.1787 11.127
3788.2601 11.126
3790.3415 11.120
3792.4229 11.122
3794.5043 11.120
3796.5857 11.123
3798.6671 11.132
3800.7485 11.136
3802.8299 11.136
3804.9113 11.138
3806.9927 11.144
3809.0741 11.148
3811.1555 11.150
3813.2369 11.150
3815.3183 11.144
3817.3997 11.140
3819.4811 11.146
3821.5625 11.155
3823.6439 11.164
3825.7253 11.173
3827.8067 11.176
3829.8881 11.165
3831.9695 11.158
3834.0509 11.157
3836.1323 11.152
3838.2137 11.147
3840.2951 11.146
3842.3765 11.150
3844.4579 11.156
3846.5393 11.162
3848.6207 11.166
3850.7021 11.165
3852.7835 11.166
3854.8649 11.164
3856.9463 11.161
3859.0277 11.166
3861.1091 11.172
3863.1905 11.175
3865.2719 11.172
3867.3533 11.171
3869.4347 11.171
3871.5161 11.170
3873.5975 11.170
3875.6789 11.177
3877.7603 11.185
3879.8417 11.195
3881.9231 11.206
3884.0045 11.214
3886.0859 11.214
3888.1673 11.211
3890.2487 11.208
3892.3301 11.203
3894.4115 11.201
3896.4929 11.197
3898.5743 11.194
3900.6557 11.193
3902.7371 11.193
3904.8185 11.188
3906.8999 11.181
3908.9813 11.178
3911.0627 11.186
3913.1441 11.193
3915.2255 11.194
3917.3069 11.189
3919.3883 11.187
3921.4697 11.189
3923.5511 11.190
3925.6325 11.187
3927.7139 11.186
3929.7953 11.183
3931.8767 11.185
3933.9581 11.198
3936.0395 11.212
3938.1209 11.216
3940.2023 11.212
3942.2837 11.209
3944.3651 11.211
3946.4465 11.220
3948.5279 11.227
3950.6093 11.226
3952.6907 11.222
3954.7721 11.221
3956.8535 11.230
3958.9349 11.245
3961.0163 11.257
3963.0977 11.252
3965.1791 11.247
3967.2605 11.248
3969.3419 11.254
3971.4233 11.264
3973.5047 11.274
3975.5861 11.269
3977.6675 11.249
3979.7489 11.233
3981.8303 11.228
3983.9117 11.228
3985.9931 11.228
3988.0745 11.221
3990.1559 11.214
3992.2373 11.211
3994.3187 11.211
3996.4001 11.209
3998.4815 11.206
4000.5629 11.204
4002.6443 11.203
4004.7257 11.203
4006.8071 11.200
4008.8885 11.191
4010.9699 11.186
4013.0513 11.194
4015.1327 11.197
4017.2141 11.185
4019.2955 11.183
4021.3769 11.193
4023.4583 11.200
4025.5397 11.200
4027.6211 11.197
4029.7025 11.181
4031.7839 11.170
4033.8653 11.179
4035.9467 11.192
4038.0281 11.193
4040.1095 11.194
4042.1909 11.199
4044.2723 11.206
4046.3537 11.217
4048.4351 11.230
4050.5165 11.231
4052.5979 11.219
4054.6793 11.216
4056.7607 11.220
4058.8421 11.219
4060.9235 11.221
4063.0049 11.226
4065.0863 11.224
4067.1677 11.227
4069.2491 11.239
4071.3305 11.251
4073.4119 11.252
4075.4933 11.255
4077.5747 11.263
4079.6561 11.267
4081.7375 11.273
4083.8189 11.284
4085.9003 11.293
4087.9817 11.299
4090.0631 11.306
4092.1445 11.313
4094.2259 11.331
4096.3073 11.351
4098.3887 11.361
4100.4701 11.360
4102.5515 11.353
4104.6329 11.352
4106.7143 11.343
4108.7957 11.338
4110.8771 11.335
4112.9585 11.335
4115.0399 11.325
4117.1213 11.312
4119.2027 11.302
4121.2841 11.291
4123.3655 11.283
4125.4469 11.273
4127.5283 11.263
4129.6097 11.259
4131.6911 11.257
4133.7725 11.255
4135.8539 11.258
4137.9353 11.267
4140.0167 11.273
4142.0981 11.272
4144.1795 11.266
4146.2609 11.257
4148.3423 11.247
4150.4237 11.241
4152.5051 11.243
4154.5865 11.248
4156.6679 11.251
4158.7493 11.247
4160.8307 11.242
4162.9121 11.239
4164.9935 11.239
4167.0749 11.242
4169.1563 11.242
4171.2377 11.246
4173.3191 11.253
4175.4005 11.254
4177.4819 11.248
4179.5633 11.248
4181.6447 11.248
4183.7261 11.251
4185.8075 11.257
4187.8889 11.262
4189.9703 11.266
4192.0517 11.267
4194.1331 11.268
4196.2145 11.264
4198.2959 11.255
4200.3773 11.253
4202.4587 11.259
4204.5401 11.262
4206.6215 11.265
4208.7029 11.270
4210.7843 11.267
4212.8657 11.263
4214.9471 11.268
4217.0285 11.274
4219.1099 11.275
4221.1913 11.281
4223.2727 11.291
4225.3541 11.289
4227.4355 11.287
4229.5169 11.283
4231.5983 11.279
4233.6797 11.279
4235.7611 11.279
4237.8425 11.284
4239.9239 11.283
4242.0053 11.278
4244.0867 11.282
4246.1681 11.286
4248.2495 11.288
4250.3309 11.288
4252.4123 11.293
4254.4937 11.301
4256.5751 11.305
4258.6565 11.310
4260.7379 11.310
4262.8193 11.311
4264.9007 11.312
4266.9821 11.312
4269.0635 11.314
4271.1449 11.314
4273.2263 11.309
4275.3077 11.302
4277.3891 11.300
4279.4705 11.307
4281.5519 11.312
4283.6333 11.311
4285.7147 11.308
4287.7961 11.310
4289.8775 11.319
4291.9589 11.323
4294.0403 11.326
4296.1217 11.332
4298.2031 11.337
4300.2845 11.342
4302.3659 11.342
4304.4473 11.348
4306.5287 11.359
4308.6101 11.365
4310.6915 11.367
4312.7729 11.374
4314.8543 11.379
4316.9357 11.381
4319.0171 11.386
4321.0985 11.400
4323.1799 11.417
4325.2613 11.433
4327.3427 11.446
4329.4241 11.455
4331.5055 11.466
4333.5869 11.483
4335.6683 11.503
4337.7497 11.510
4339.8311 11.507
4341.9125 11.505
4343.9939 11.500
4346.0753 11.486
4348.1567 11.474
4350.2381 11.465
4352.3195 11.450
4354.4009 11.433
4356.4823 11.421
4358.5637 11.412
4360.6451 11.407
4362.7265 11.403
4364.8079 11.401
4366.8893 11.394
4368.9707 11.390
4371.0521 11.388
4373.1335 11.384
4375.2149 11.380
4377.2963 11.377
4379.3777 11.378
4381.4591 11.373
4383.5405 11.371
4385.6219 11.371
4387.7033 11.369
4389.7847 11.368
4391.8661 11.370
4393.9475 11.369
4396.0289 11.366
4398.1103 11.366
4400.1917 11.363
4402.2731 11.354
4404.3545 11.350
4406.4359 11.353
4408.5173 11.354
4410.5987 11.357
4412.6801 11.360
4414.7615 11.362
4416.8429 11.361
4418.9243 11.362
4421.0057 11.367
4423.0871 11.367
4425.1685 11.366
4427.2499 11.366
4429.3313 11.363
4431.4127 11.363
4433.4941 11.363
4435.5755 11.367
4437.6569 11.370
4439.7383 11.376
4441.8197 11.381
4443.9011 11.385
4445.9825 11.387
4448.0639 11.384
4450.1453 11.382
4452.2267 11.382
4454.3081 11.381
4456.3895 11.381
4458.4709 11.380
4460.5523 11.379
4462.6337 11.380
4464.7151 11.384
4466.7965 11.386
4468.8779 11.389
4470.9593 11.396
4473.0407 11.399
4475.1221 11.397
4477.2035 11.398
4479.2849 11.402
4481.3663 11.400
4483.4477 11.392
4485.5291 11.385
4487.6105 11.382
4489.6919 11.383
4491.7733 11.389
4493.8547 11.394
4495.9361 11.396
4498.0175 11.399
4500.0989 11.401
4502.1803 11.400
4504.2617 11.398
4506.3431 11.402
4508.4245 11.403
4510.5059 11.399
4512.5873 11.404
4514.6687 11.410
4516.7501 11.413
4518.8315 11.412
4520.9129 11.412
4522.9943 11.410
4525.0757 11.406
4527.1571 11.408
4529.2385 11.408
4531.3199 11.405
4533.4013 11.405
4535.4827 11.408
4537.5641 11.411
4539.6455 11.413
4541.7269 11.413
4543.8083 11.410
4545.8897 11.407
4547.9711 11.407
4550.0525 11.411
4552.1339 11.414
4554.2153 11.416
4556.2967 11.415
4558.3781 11.415
4560.4595 11.416
4562.5409 11.420
4564.6223 11.420
4566.7037 11.420
4568.7851 11.427
4570.8665 11.428
4572.9479 11.426
4575.0293 11.426
4577.1107 11.428
4579.1921 11.421
4581.2735 11.414
4583.3549 11.416
4585.4363 11.421
4587.5177 11.426
4589.5991 11.432
4591.6805 11.436
4593.7619 11.437
4595.8433 11.442
4597.9247 11.448
4600.0061 11.449
4602.0875 11.444
4604.1689 11.443
4606.2503 11.445
4608.3317 11.445
4610.4131 11.442
4612.4945 11.440
4614.5759 11.439
4616.6573 11.437
4618.7387 11.443
4620.8201 11.450
4622.9015 11.452
4624.9829 11.454
4627.0643 11.454
4629.1457 11.456
4631.2271 11.456
4633.3085 11.454
4635.3899 11.451
4637.4713 11.450
4639.5527 11.452
4641.6341 11.453
4643.7155 11.454
4645.7969 11.459
4647.8783 11.460
4649.9597 11.456
4652.0411 11.450
4654.1225 11.452
4656.2039 11.457
4658.2853 11.459
4660.3667 11.460
4662.4481 11.458
4664.5295 11.459
4666.6109 11.461
4668.6923 11.463
4670.7737 11.465
4672.8551 11.462
4674.9365 11.460
4677.0179 11.465
4679.0993 11.466
4681.1807 11.465
4683.2621 11.468
4685.3435 11.471
4687.4249 11.471
4689.5063 11.473
4691.5877 11.478
4693.6691 11.476
4695.7505 11.470
4697.8319 11.470
4699.9133 11.472
4701.9947 11.469
4704.0761 11.472
4706.1575 11.479
4708.2389 11.482
4710.3203 11.488
4712.4017 11.490
4714.4831 11.491
4716.5645 11.496
4718.6459 11.500
4720.7273 11.498
4722.8087 11.495
4724.8901 11.495
4726.9715 11.499
4729.0529 11.503
4731.1343 11.508
4733.2157 11.511
4735.2971 11.509
4737.3785 11.503
4739.4599 11.500
4741.5413 11.505
4743.6227 11.508
4745.7041 11.511
4747.7855 11.515
4749.8669 11.517
4751.9483 11.520
4754.0297 11.525
4756.1111 11.530
4758.1925 11.531
4760.2739 11.530
4762.3553 11.527
4764.4367 11.520
4766.5181 11.522
4768.5995 11.526
4770.6809 11.529
4772.7623 11.527
4774.8437 11.530
4776.9251 11.531
4779.0065 11.529
4781.0879 11.528
4783.1693 11.525
4785.2507 11.525
4787.3321 11.533
4789.4135 11.547
4791.4949 11.555
4793.5763 11.553
4795.6577 11.552
4797.7391 11.554
4799.8205 11.560
4801.9019 11.563
4803.9833 11.564
4806.0647 11.568
4808.1461 11.569
4810.2275 11.568
4812.3089 11.569
4814.3903 11.563
4816.4717 11.559
4818.5531 11.569
4820.6345 11.581
4822.7159 11.588
4824.7973 11.593
4826.8787 11.593
4828.9601 11.595
4831.0415 11.602
4833.1229 11.615
4835.2043 11.624
4837.2857 11.633
4839.3671 11.645
4841.4485 11.653
4843.5299 11.657
4845.6113 11.664
4847.6927 11.679
4849.7741 11.694
4851.8555 11.710
4853.9369 11.724
4856.0183 11.735
4858.0997 11.746
4860.1811 11.755
4862.2625 11.755
4864.3439 11.749
4866.4253 11.740
4868.5067 11.731
4870.5881 11.713
4872.6695 11.698
4874.7509 11.693
4876.8323 11.690
4878.9137 11.688
4880.9951 11.681
4883.0765 11.670
4885.1579 11.663
4887.2393 11.657
4889.3207 11.654
4891.4021 11.652
4893.4835 11.650
4895.5649 11.645
4897.6463 11.637
4899.7277 11.629
4901.8091 11.624
4903.8905 11.612
4905.9719 11.609
4908.0533 11.611
4910.1347 11.635
4912.2161 11.643
4914.2975 11.639
4916.3789 11.630
4918.4603 11.626
4920.5417 11.627
4922.6231 11.627
4924.7045 11.620
4926.7859 11.610
4928.8673 11.609
4930.9487 11.620
4933.0301 11.630
4935.1115 11.633
4937.1929 11.631
4939.2743 11.627
4941.3557 11.624
4943.4371 11.618
4945.5185 11.616
4947.5999 11.618
4949.6813 11.619
4951.7627 11.620
4953.8441 11.623
4955.9255 11.621
4958.0069 11.619
4960.0883 11.619
4962.1697 11.617
4964.2511 11.611
4966.3325 11.610
4968.4139 11.615
4970.4953 11.617
4972.5767 11.622
4974.6581 11.625
4976.7395 11.627
4978.8209 11.630
4980.9023 11.636
4982.9837 11.636
4985.0651 11.634
4987.1465 11.641
4989.2279 11.647
4991.3093 11.639
4993.3907 11.633
4995.4721 11.636
4997.5535 11.637
4999.6349 11.636
5001.7163 11.637
5003.7977 11.637
5005.8791 11.639
5007.9605 11.644
5010.0419 11.652
5012.1233 11.655
5014.2047 11.657
5016.2861 11.660
5018.3675 11.656
5020.4489 11.649
5022.5303 11.651
5024.6117 11.651
5026.6931 11.647
5028.7745 11.646
5030.8559 11.650
5032.9373 11.654
5035.0187 11.657
5037.1001 11.660
5039.1815 11.659
5041.2629 11.655
5043.3443 11.650
5045.4257 11.646
5047.5071 11.647
5049.5885 11.650
5051.6699 11.655
5053.7513 11.659
5055.8327 11.662
5057.9141 11.663
5059.9955 11.659
5062.0769 11.653
5064.1583 11.652
5066.2397 11.657
5068.3211 11.663
5070.4025 11.668
5072.4839 11.672
5074.5653 11.677
5076.6467 11.679
5078.7281 11.675
5080.8095 11.664
5082.8909 11.654
5084.9723 11.654
5087.0537 11.662
5089.1351 11.665
5091.2165 11.664
5093.2979 11.659
5095.3793 11.657
5097.4607 11.662
5099.5421 11.676
5101.6235 11.681
5103.7049 11.676
5105.7863 11.673
5107.8677 11.673
5109.9491 11.671
5112.0305 11.670
5114.1119 11.669
5116.1933 11.667
5118.2747 11.666
5120.3561 11.678
5122.4375 11.683
5124.5189 11.679
5126.6003 11.679
5128.6817 11.683
5130.7631 11.682
5132.8445 11.680
5134.9259 11.681
5137.0073 11.683
5139.0887 11.683
5141.1701 11.685
5143.2515 11.687
5145.3329 11.689
5147.4143 11.690
5149.4957 11.689
5151.5771 11.688
5153.6585 11.693
5155.7399 11.699
5157.8213 11.698
5159.9027 11.696
5161.9841 11.698
5164.0655 11.698
5166.1469 11.697
5168.2283 11.697
5170.3097 11.702
5172.3911 11.709
5174.4725 11.714
5176.5539 11.720
5178.6353 11.718
5180.7167 11.712
5182.7981 11.708
5184.8795 11.711
5186.9609 11.719
5189.0423 11.726
5191.1237 11.721
5193.2051 11.704
5195.2865 11.700
5197.3679 11.710
5199.4493 11.716
5201.5307 11.715
5203.6121 11.712
5205.6935 11.710
5207.7749 11.711
5209.8563 11.713
5211.9377 11.719
5214.0191 11.726
5216.1005 11.729
5218.1819 11.730
5220.2633 11.727
5222.3447 11.722
5224.4261 11.723
5226.5075 11.727
5228.5889 11.728
5230.6703 11.726
5232.7517 11.723
5234.8331 11.719
5236.9145 11.720
5238.9959 11.727
5241.0773 11.732
5243.1587 11.735
5245.2401 11.737
5247.3215 11.735
5249.4029 11.732
5251.4843 11.733
5253.5657 11.736
5255.6471 11.743
5257.7285 11.748
5259.8099 11.749
5261.8913 11.746
5263.9727 11.742
5266.0541 11.739
5268.1355 11.736
5270.2169 11.738
5272.2983 11.744
5274.3797 11.743
5276.4611 11.738
5278.5425 11.737
5280.6239 11.732
5282.7053 11.737
5284.7867 11.747
5286.8681 11.757
5288.9495 11.760
5291.0309 11.759
5293.1123 11.760
5295.1937 11.762
5297.2751 11.761
5299.3565 11.761
5301.4379 11.767
5303.5193 11.774
5305.6007 11.780
5307.6821 11.784
5309.7635 11.784
5311.8449 11.775
5313.9263 11.765
5316.0077 11.762
5318.0891 11.765
5320.1705 11.768
5322.2519 11.766
5324.3333 11.767
5326.4147 11.769
5328.4961 11.768
5330.5775 11.767
5332.6589 11.772
5334.7403 11.772
5336.8217 11.769
5338.9031 11.772
5340.9845 11.768
5343.0659 11.760
5345.1473 11.764
5347.2287 11.775
5349.3101 11.784
5351.3915 11.786
5353.4729 11.779
5355.5543 11.782
5357.6357 11.791
5359.7171 11.795
5361.7985 11.792
5363.8799 11.789
5365.9613 11.793
5368.0427 11.803
5370.1241 11.811
5372.2055 11.811
5374.2869 11.804
5376.3683 11.797
5378.4497 11.792
5380.5311 11.794
5382.6125 11.803
5384.6939 11.806
5386.7753 11.799
5388.8567 11.791
5390.9381 11.788
5393.0195 11.790
5395.1009 11.795
5397.1823 11.803
5399.2637 11.815
5401.3451 11.820
5403.4265 11.817
5405.5079 11.817
5407.5893 11.817
5409.6707 11.811
5411.7521 11.811
5413.8335 11.810
5415.9149 11.803
5417.9963 11.800
5420.0777 11.804
5422.1591 11.807
5424.2405 11.810
5426.3219 11.814
5428.4033 11.816
5430.4847 11.814
5432.5661 11.807
5434.6475 11.808
5436.7289 11.814
5438.8103 11.814
5440.8917 11.811
5442.9731 11.809
5445.0545 11.810
5447.1359 11.808
5449.2173 11.808
5451.2987 11.815
5453.3801 11.824
5455.4615 11.831
5457.5429 11.836
5459.6243 11.836
5461.7057 11.830
5463.7871 11.827
5465.8685 11.829
5467.9499 11.828
5470.0313 11.825
5472.1127 11.830
5474.1941 11.840
5476.2755 11.849
5478.3569 11.855
5480.4383 11.857
5482.5197 11.850
5484.6011 11.843
5486.6825 11.842
5488.7639 11.843
5490.8453 11.849
5492.9267 11.853
5495.0081 11.851
5497.0895 11.845
5499.1709 11.845
5501.2523 11.845
5503.3337 11.845
5505.4151 11.846
5507.4965 11.843
5509.5779 11.841
5511.6593 11.846
5513.7407 11.848
5515.8221 11.843
5517.9035 11.844
5519.9849 11.847
5522.0663 11.847
5524.1477 11.847
5526.2291 11.845
5528.3105 11.841
5530.3919 11.839
5532.4733 11.832
5534.5547 11.827
5536.6361 11.835
5538.7175 11.845
5540.7989 11.843
5542.8803 11.845
5544.9617 11.850
5547.0431 11.844
5549.1245 11.838
5551.2059 11.842
5553.2873 11.852
5555.3687 11.857
5557.4501 11.857
5559.5315 11.863
5561.6129 11.869
5563.6943 11.858
5565.7757 11.851
5567.8571 11.855
5569.9385 11.859
5572.0199 11.856
5574.1013 11.846
5576.1827 11.845
5578.2641 11.844
5580.3455 11.845
5582.4269 11.856
5584.5083 11.862
5586.5897 11.864
5588.6711 11.863
5590.7525 11.855
5592.8339 11.847
5594.9153 11.845
5596.9967 11.850
5599.0781 11.857
5601.1595 11.864
5603.2409 11.868
5605.3223 11.864
5607.4037 11.857
5609.4851 11.856
5611.5665 11.862
5613.6479 11.867
5615.7293 11.868
5617.8107 11.871
5619.8921 11.870
5621.9735 11.876
5624.0549 11.878
5626.1363 11.878
5628.2177 11.879
5630.2991 11.877
5632.3805 11.879
5634.4619 11.879
5636.5433 11.878
5638.6247 11.879
5640.7061 11.884
5642.7875 11.886
5644.8689 11.888
5646.9503 11.891
5649.0317 11.894
5651.1131 11.895
5653.1945 11.893
5655.2759 11.891
5657.3573 11.894
5659.4387 11.900
5661.5201 11.898
5663.6015 11.897
5665.6829 11.898
5667.7643 11.898
5669.8457 11.894
5671.9271 11.893
5674.0085 11.894
5676.0899 11.894
5678.1713 11.899
5680.2527 11.907
5682.3341 11.910
5684.4155 11.906
5686.4969 11.898
5688.5783 11.899
5690.6597 11.903
5692.7411 11.899
5694.8225 11.892
5696.9039 11.890
5698.9853 11.886
5701.0667 11.892
5703.1481 11.906
5705.2295 11.911
5707.3109 11.904
5709.3923 11.899
5711.4737 11.899
5713.5551 11.901
5715.6365 11.906
5717.7179 11.914
5719.7993 11.919
5721.8807 11.919
5723.9621 11.914
5726.0435 11.903
5728.1249 11.900
5730.2063 11.908
5732.2877 11.915
5734.3691 11.918
5736.4505 11.918
5738.5319 11.916
5740.6133 11.912
5742.6947 11.913
5744.7761 11.917
5746.8575 11.921
5748.9389 11.923
5751.0203 11.926
5753.1017 11.933
5755.1831 11.938
5757.2645 11.941
5759.3459 11.940
5761.4273 11.928
5763.5087 11.922
5765.5901 11.926
5767.6715 11.927
5769.7529 11.929
5771.8343 11.928
5773.9157 11.925
5775.9971 11.923
5778.0785 11.928
5780.1599 11.931
5782.2413 11.932
5784.3227 11.933
5786.4041 11.936
5788.4855 11.933
5790.5669 11.930
5792.6483 11.930
5794.7297 11.928
5796.8111 11.926
5798.8925 11.926
5800.9739 11.925
5803.0553 11.923
5805.1367 11.926
5807.2181 11.929
5809.2995 11.928
5811.3809 11.923
5813.4623 11.923
5815.5437 11.931
5817.6251 11.940
5819.7065 11.946
5821.7879 11.945
5823.8693 11.947
5825.9507 11.950
5828.0320 11.945
5830.1134 11.944
5832.1948 11.948
5834.2762 11.949
5836.3576 11.950
5838.4390 11.957
5840.5204 11.963
5842.6018 11.965
5844.6832 11.956
5846.7646 11.946
5848.8460 11.945
5850.9274 11.949
5853.0088 11.950
5855.0902 11.950
5857.1716 11.949
5859.2530 11.947
5861.3344 11.945
5863.4158 11.943
5865.4972 11.941
5867.5786 11.944
5869.6600 11.952
5871.7414 11.961
5873.8228 11.967
5875.9042 11.963
5877.9856 11.957
5880.0670 11.960
5882.1484 11.969
5884.2298 11.974
5886.3112 11.973
5888.3926 11.977
5890.4740 11.981
5892.5554 11.977
5894.6368 11.971
5896.7182 11.967
5898.7996 11.964
5900.8810 11.965
5902.9624 11.969
5905.0438 11.971
5907.1252 11.976
5909.2066 11.981
5911.2880 11.985
5913.3694 11.986
5915.4508 11.984
5917.5322 11.977
5919.6136 11.965
5921.6950 11.959
5923.7764 11.964
5925.8578 11.972
5927.9392 11.979
5930.0206 11.979
5932.1020 11.969
5934.1834 11.965
5936.2648 11.973
5938.3462 11.982
5940.4276 11.991
5942.5090 11.998
5944.5904 12.009
5946.6718 12.013
5948.7532 11.996
5950.8346 11.985
5952.9160 11.987
5954.9974 11.993
5957.0788 11.992
5959.1602 11.982
5961.2416 11.986
5963.3230 12.000
5965.4044 12.018
5967.4858 12.019
5969.5672 12.015
5971.6486 12.015
5973.7300 12.015
5975.8114 12.014
5977.8928 12.016
5979.9742 12.018
5982.0556 12.017
5984.1370 12.012
5986.2184 12.014
5988.2998 12.016
5990.3812 12.015
5992.4626 12.012
5994.5440 12.016
5996.6254 12.012
5998.7068 12.006
6000.7882 12.005
6002.8696 12.008
6004.9510 12.011
6007.0324 12.013
6009.1138 12.017
6011.1952 12.013
6013.2766 12.009
6015.3580 12.007
6017.4394 12.007
6019.5208 12.009
6021.6022 12.010
6023.6836 12.014
6025.7650 12.021
6027.8464 12.036
6029.9278 12.040
6032.0092 12.034
6034.0906 12.030
6036.1720 12.030
6038.2534 12.030
6040.3348 12.034
6042.4162 12.044
6044.4976 12.048
6046.5790 12.046
6048.6604 12.037
6050.7418 12.031
6052.8232 12.028
6054.9046 12.027
6056.9860 12.030
6059.0674 12.037
6061.1488 12.045
6063.2302 12.051
6065.3116 12.055
6067.3930 12.057
6069.4744 12.061
6071.5558 12.063
6073.6372 12.062
6075.7186 12.061
6077.8000 12.057
6079.8814 12.046
6081.9628 12.045
6084.0442 12.053
6086.1256 12.053
6088.2070 12.052
6090.2884 12.053
6092.3698 12.055
6094.4512 12.057
6096.5326 12.054
6098.6140 12.046
6100.6954 12.043
6102.7768 12.049
6104.8582 12.060
6106.9396 12.059
6109.0210 12.053
6111.1024 12.049
6113.1838 12.041
6115.2652 12.039
6117.3466 12.045
6119.4280 12.055
6121.5094 12.065
6123.5908 12.072
6125.6722 12.074
6127.7536 12.074
6129.8350 12.078
6131.9164 12.085
6133.9978 12.086
6136.0792 12.083
6138.1606 12.080
6140.2420 12.075
6142.3234 12.074
6144.4048 12.076
6146.4862 12.079
6148.5676 12.079
6150.6490 12.075
6152.7304 12.067
6154.8118 12.063
6156.8932 12.070
6158.9746 12.074
6161.0560 12.077
6163.1374 12.079
6165.2188 12.090
6167.3002 12.099
6169.3816 12.096
6171.4630 12.091
6173.5444 12.093
6175.6258 12.097
6177.7072 12.098
6179.7886 12.101
6181.8700 12.102
6183.9514 12.106
6186.0328 12.104
6188.1142 12.097
6190.1956 12.084
6192.2770 12.081
6194.3584 12.079
6196.4398 12.083
6198.5212 12.094
6200.6026 12.100
6202.6840 12.099
6204.7654 12.093
6206.8468 12.090
6208.9282 12.100
6211.0096 12.106
6213.0910 12.110
6215.1724 12.117
6217.2538 12.115
6219.3352 12.109
6221.4166 12.103
6223.4980 12.097
6225.5794 12.089
6227.6608 12.087
6229.7422 12.093
6231.8236 12.094
6233.9050 12.092
6235.9864 12.098
6238.0678 12.105
6240.1492 12.113
6242.2306 12.121
6244.3120 12.121
6246.3934 12.120
6248.4748 12.126
6250.5562 12.128
6252.6376 12.117
6254.7190 12.113
6256.8004 12.121
6258.8818 12.122
6260.9632 12.123
6263.0446 12.137
6265.1260 12.146
6267.2074 12.141
6269.2888 12.149
6271.3702 12.159
6273.4516 12.169
6275.5330 12.176
6277.6144 12.174
6279.6958 12.165
6281.7772 12.157
6283.8586 12.159
6285.9400 12.160
6288.0214 12.156
6290.1028 12.156
6292.1842 12.160
6294.2656 12.152
6296.3470 12.154
6298.4284 12.162
6300.5098 12.166
6302.5912 12.165
6304.6726 12.159
6306.7540 12.153
6308.8354 12.144
6310.9168 12.151
6312.9982 12.160
6315.0796 12.158
6317.1610 12.162
6319.2424 12.178
6321.3238 12.177
6323.4052 12.170
6325.4866 12.165
6327.5680 12.160
6329.6494 12.155
6331.7308 12.159
6333.8122 12.168
6335.8936 12.171
6337.9750 12.165
6340.0564 12.159
6342.1378 12.158
6344.2192 12.160
6346.3006 12.164
6348.3820 12.168
6350.4634 12.168
6352.5448 12.173
6354.6262 12.181
6356.7076 12.182
6358.7890 12.183
6360.8704 12.187
6362.9518 12.192
6365.0332 12.193
6367.1146 12.184
6369.1960 12.175
6371.2774 12.169
6373.3588 12.175
6375.4402 12.172
6377.5216 12.173
6379.6030 12.172
6381.6844 12.179
6383.7658 12.181
6385.8472 12.182
6387.9286 12.180
6390.0100 12.187
6392.0914 12.194
6394.1728 12.195
6396.2542 12.192
6398.3356 12.187
6400.4170 12.183
6402.4984 12.183
6404.5798 12.187
6406.6612 12.192
6408.7426 12.197
6410.8240 12.195
6412.9054 12.180
6414.9868 12.173
6417.0682 12.181
6419.1496 12.195
6421.2310 12.208
6423.3124 12.213
6425.3938 12.203
6427.4752 12.188
6429.5566 12.186
6431.6380 12.188
6433.7194 12.189
6435.8008 12.193
6437.8822 12.196
6439.9636 12.194
6442.0450 12.194
6444.1264 12.203
6446.2078 12.212
6448.2892 12.218
6450.3706 12.220
6452.4520 12.222
6454.5334 12.220
6456.6148 12.214
6458.6962 12.212
6460.7776 12.218
6462.8590 12.224
6464.9404 12.227
6467.0218 12.223
6469.1032 12.220
6471.1846 12.217
6473.2660 12.216
6475.3474 12.221
6477.4288 12.230
6479.5102 12.239
6481.5916 12.239
6483.6730 12.240
6485.7544 12.243
6487.8358 12.241
6489.9172 12.234
6491.9986 12.222
6494.0800 12.217
6496.1614 12.212
6498.2428 12.210
6500.3242 12.212
6502.4056 12.225
6504.4870 12.227
6506.5684 12.224
6508.6498 12.223
6510.7312 12.226
6512.8126 12.228
6514.8940 12.231
6516.9754 12.234
6519.0568 12.239
6521.1382 12.241
6523.2196 12.243
6525.3010 12.244
6527.3824 12.249
6529.4638 12.256
6531.5452 12.259
6533.6266 12.258
6535.7080 12.258
6537.7894 12.264
6539.8708 12.267
6541.9522 12.272
6544.0336 12.290
6546.1150 12.315
6548.1964 12.329
6550.2778 12.341
6552.3592 12.348
6554.4406 12.354
6556.5220 12.367
6558.6034 12.383
6560.6848 12.391
6562.7662 12.382
6564.8476 12.375
6566.9290 12.364
6569.0104 12.350
6571.0918 12.336
6573.1732 12.326
6575.2546 12.311
6577.3360 12.297
6579.4174 12.283
6581.4988 12.282
6583.5802 12.283
6585.6616 12.283
6587.7430 12.280
6589.8244 12.270
6591.9058 12.264
6593.9872 12.259
6596.0686 12.250
6598.1500 12.246
6600.2314 12.249
6602.3128 12.250
6604.3942 12.252
6606.4756 12.253
6608.5570 12.254
6610.6384 12.254
6612.7198 12.246
6614.8012 12.242
6616.8826 12.248
6618.9640 12.248
6621.0454 12.241
6623.1268 12.237
6625.2082 12.238
6627.2896 12.250
6629.3710 12.259
6631.4524 12.265
6633.5338 12.256
6635.6152 12.245
6637.6966 12.236
6639.7780 12.232
6641.8594 12.232
6643.9408 12.237
6646.0222 12.239
6648.1036 12.235
6650.1850 12.234
6652.2664 12.235
6654.3478 12.242
6656.4292 12.247
6658.5106 12.246
6660.5920 12.248
6662.6734 12.251
6664.7548 12.242
6666.8362 12.235
6668.9176 12.237
6670.9990 12.236
6673.0804 12.232
6675.1618 12.235
6677.2432 12.243
6679.3246 12.242
6681.4060 12.238
6683.4874 12.238
6685.5688 12.249
6687.6502 12.257
6689.7316 12.256
6691.8130 12.248
6693.8944 12.242
6695.9758 12.246
6698.0572 12.252
6700.1386 12.252
6702.2200 12.255
6704.3014 12.258
6706.3828 12.258
6708.4642 12.255
6710.5456 12.252
6712.6270 12.247
6714.7084 12.241
6716.7898 12.240
6718.8712 12.233
6720.9526 12.216
6723.0340 12.207
6725.1154 12.212
6727.1968 12.231
6729.2782 12.248
6731.3596 12.260
6733.4410 12.265
6735.5224 12.256
6737.6038 12.244
6739.6852 12.237
6741.7666 12.237
6743.8480 12.238
6745.9294 12.233
6748.0108 12.240
6750.0922 12.248
6752.1736 12.252
6754.2550 12.261
6756.3364 12.269
6758.4178 12.274
6760.4992 12.273
6762.5806 12.264
6764.6620 12.258
6766.7434 12.255
6768.8248 12.261
6770.9062 12.259
6772.9876 12.246
6775.0690 12.240
6777.1504 12.240
6779.2318 12.243
6781.3132 12.249
6783.3946 12.257
6785.4760 12.257
6787.5574 12.250
6789.6388 12.248
6791.7202 12.244
6793.8016 12.236
6795.8830 12.246
6797.9644 12.265
6800.0458 12.277
6802.1272 12.280
6804.2086 12.277
6806.2900 12.267
6808.3714 12.253
6810.4528 12.237
6812.5342 12.236
6814.6156 12.251
6816.6970 12.266
6818.7784 12.277
6820.8598 12.275
6822.9412 12.268
6825.0226 12.264
6827.1040 12.266
6829.1854 12.266
6831.2668 12.274
6833.3482 12.275
6835.4296 12.267
6837.5110 12.262
6839.5924 12.270
6841.6738 12.268
6843.7552 12.268
6845.8366 12.277
6847.9180 12.283
6849.9994 12.275
6852.0808 12.271
6854.1622 12.275
6856.2436 12.294
6858.3250 12.326
6860.4064 12.355
6862.4878 12.368
6864.5692 12.392
6866.6506 12.433
6868.7320 12.471
6870.8134 12.497
6872.8948 12.499
6874.9762 12.485
6877.0576 12.457
6879.1390 12.424
6881.2204 12.390
6883.3018 12.379
6885.3832 12.375
6887.4646 12.375
6889.5460 12.374
6891.6274 12.370
6893.7088 12.368
6895.7902 12.370
6897.8716 12.379
6899.9530 12.377
6902.0344 12.368
6904.1158 12.361
6906.1972 12.360
6908.2786 12.357
6910.3600 12.349
6912.4414 12.337
6914.5228 12.321
6916.6042 12.312
6918.6856 12.309
6920.7670 12.300
6922.8484 12.288
6924.9298 12.282
6927.0112 12.296
6929.0926 12.309
6931.1740 12.314
6933.2554 12.311
6935.3368 12.310
6937.4182 12.316
6939.4996 12.324
6941.5810 12.326
6943.6624 12.319
6945.7438 12.316
6947.8252 12.312
6949.9066 12.306
6951.9880 12.302
6954.0694 12.299
6956.1508 12.297
6958.2322 12.297
6960.3136 12.296
6962.3950 12.290
6964.4764 12.285
6966.5578 12.291
6968.6392 12.293
6970.7206 12.293
6972.8020 12.307
6974.8834 12.319
6976.9648 12.309
6979.0462 12.295
6981.1276 12.282
6983.2090 12.288
6985.2904 12.305
6987.3718 12.310
6989.4532 12.306
6991.5346 12.299
6993.6160 12.307
6995.6974 12.313
6997.7788 12.313
6999.8602 12.313
7001.9416 12.312
7004.0230 12.310
7006.1044 12.319
7008.1858 12.326
7010.2672 12.334
7012.3486 12.314
7014.4300 12.305
7016.5114 12.306
7018.5928 12.308
7020.6742 12.303
7022.7556 12.295
7024.8370 12.301
7026.9184 12.310
7028.9998 12.308
7031.0812 12.305
7033.1626 12.312
7035.2440 12.332
7037.3254 12.352
7039.4068 12.356
7041.4882 12.345
7043.5696 12.327
7045.6510 12.332
7047.7324 12.337
7049.8138 12.328
7051.8952 12.313
7053.9766 12.305
7056.0580 12.322
7058.1394 12.339
7060.2208 12.345
7062.3022 12.340
7064.3836 12.325
7066.4650 12.325
7068.5464 12.329
7070.6278 12.325
7072.7092 12.327
7074.7906 12.335
7076.8720 12.321
7078.9534 12.309
7081.0348 12.327
7083.1162 12.339
7085.1976 12.345
7087.2790 12.346
7089.3604 12.336
7091.4418 12.335
7093.5232 12.344
7095.6046 12.359
7097.6860 12.349
7099.7674 12.346
7101.8488 12.352
7103.9302 12.361
7106.0116 12.368
7108.0930 12.357
7110.1744 12.341
7112.2558 12.330
7114.3372 12.331
7116.4186 12.331
7118.5000 12.326
7120.5814 12.327
7122.6628 12.340
7124.7442 12.347
7126.8256 12.346
7128.9070 12.347
7130.9884 12.348
7133.0698 12.347
7135.1512 12.339
7137.2326 12.327
7139.3140 12.315
7141.3954 12.318
7143.4768 12.336
7145.5582 12.346
7147.6396 12.348
7149.7210 12.351
7151.8024 12.358
7153.8838 12.366
7155.9652 12.366
7158.0466 12.353
7160.1280 12.347
7162.2094 12.353
7164.2908 12.373
7166.3722 12.406
7168.4536 12.433
7170.5350 12.429
7172.6164 12.434
7174.6978 12.456
7176.7792 12.480
7178.8606 12.499
7180.9420 12.503
7183.0234 12.500
7185.1048 12.500
7187.1862 12.507
7189.2676 12.520
7191.3490 12.528
7193.4304 12.527
7195.5118 12.517
7197.5932 12.498
7199.6746 12.479
7201.7560 12.480
7203.8374 12.476
7205.9188 12.456
7208.0002 12.438
7210.0816 12.433
7212.1630 12.435
7214.2444 12.435
7216.3258 12.429
7218.4072 12.417
7220.4886 12.417
7222.5700 12.413
7224.6514 12.414
7226.7328 12.419
7228.8142 12.433
7230.8956 12.456
7232.9770 12.464
7235.0584 12.479
7237.1398 12.485
7239.2212 12.491
7241.3026 12.494
7243.3840 12.485
7245.4654 12.473
7247.5468 12.467
7249.6282 12.470
7251.7096 12.479
7253.7910 12.485
7255.8724 12.481
7257.9538 12.472
7260.0352 12.476
7262.1166 12.478
7264.1980 12.469
7266.2794 12.459
7268.3608 12.455
7270.4422 12.458
7272.5236 12.454
7274.6050 12.433
7276.6864 12.412
7278.7678 12.409
7280.8492 12.416
7282.9306 12.422
7285.0120 12.431
7287.0934 12.440
7289.1748 12.468
7291.2562 12.484
7293.3376 12.490
7295.4190 12.465
7297.5004 12.453
7299.5818 12.457
7301.6632 12.458
7303.7446 12.457
7305.8260 12.441
7307.9074 12.426
7309.9888 12.416
7312.0702 12.409
7314.1516 12.408
7316.2330 12.414
7318.3144 12.414
7320.3958 12.410
7322.4772 12.407
7324.5586 12.401
7326.6400 12.409
7328.7214 12.406
7330.8028 12.389
7332.8842 12.399
7334.9656 12.423
7337.0470 12.424
7339.1284 12.409
7341.2098 12.415
7343.2912 12.414
7345.3726 12.410
7347.4540 12.403
7349.5354 12.402
7351.6168 12.408
7353.6982 12.411
7355.7796 12.411
7357.8610 12.419
7359.9424 12.429
7362.0238 12.432
7364.1052 12.430
7366.1866 12.425
7368.2680 12.421
7370.3494 12.413
7372.4308 12.397
7374.5122 12.390
7376.5936 12.394
7378.6750 12.391
7380.7564 12.387
7382.8378 12.392
7384.9192 12.406
7387.0006 12.406
7389.0820 12.391
7391.1634 12.396
7393.2448 12.408
7395.3262 12.410
7397.4076 12.402
7399.4890 12.391
7401.5704 12.383
7403.6518 12.385
7405.7332 12.387
7407.8146 12.390
7409.8960 12.402
7411.9774 12.420
7414.0588 12.430
7416.1402 12.431
7418.2216 12.423
7420.3030 12.404
7422.3844 12.391
7424.4658 12.386
7426.5472 12.391
7428.6286 12.391
7430.7100 12.381
7432.7914 12.387
7434.8728 12.407
7436.9542 12.415
7439.0356 12.424
7441.1170 12.443
7443.1984 12.452
7445.2798 12.450
7447.3612 12.454
7449.4426 12.455
7451.5240 12.448
7453.6054 12.431
7455.6868 12.412
7457.7682 12.412
7459.8496 12.422
7461.9310 12.426
7464.0124 12.425
7466.0938 12.419
7468.1752 12.405
7470.2566 12.402
7472.3380 12.417
7474.4194 12.430
7476.5008 12.433
7478.5822 12.414
7480.6636 12.402
7482.7450 12.407
7484.8264 12.410
7486.9078 12.403
7488.9892 12.398
7491.0706 12.392
7493.1520 12.390
7495.2334 12.404
7497.3148 12.410
7499.3962 12.407
7501.4776 12.405
7503.5590 12.418
7505.6404 12.419
7507.7218 12.417
7509.8032 12.411
7511.8846 12.412
7513.9660 12.418
7516.0474 12.415
7518.1288 12.408
7520.2102 12.406
7522.2916 12.401
7524.3730 12.393
7526.4544 12.396
7528.5358 12.411
7530.6172 12.411
7532.6986 12.408
7534.7800 12.413
7536.8614 12.418
7538.9428 12.416
7541.0242 12.405
7543.1056 12.406
7545.1870 12.431
7547.2684 12.449
7549.3498 12.451
7551.4312 12.443
7553.5126 12.435
7555.5940 12.437
7557.6754 12.448
7559.7568 12.456
7561.8382 12.451
7563.9196 12.443
7566.0010 12.432
7568.0824 12.428
7570.1638 12.434
7572.2452 12.465
7574.3266 12.490
7576.4080 12.480
7578.4894 12.469
7580.5708 12.455
7582.6522 12.464
7584.7336 12.475
7586.8150 12.484
7588.8964 12.518
7590.9778 12.604
7593.0592 12.728
7595.1406 12.841
7597.2220 12.915
7599.3034 12.995
7601.3848 13.101
7603.4662 13.191
7605.5476 13.257
7607.6290 13.259
7609.7104 13.189
7611.7918 13.079
7613.8732 12.983
7615.9546 12.914
7618.0360 12.869
7620.1174 12.854
7622.1988 12.871
7624.2802 12.915
7626.3616 12.949
7628.4430 12.947
7630.5244 12.947
7632.6058 12.941
7634.6872 12.918
7636.7686 12.898
7638.8500 12.888
7640.9314 12.882
7643.0128 12.858
7645.0942 12.821
7647.1756 12.775
7649.2570 12.726
7651.3384 12.711
7653.4198 12.703
7655.5012 12.676
7657.5826 12.618
7659.6640 12.584
7661.7454 12.560
7663.8268 12.549
7665.9082 12.559
7667.9896 12.561
7670.0710 12.527
7672.1524 12.483
7674.2338 12.447
7676.3152 12.445
7678.3966 12.441
7680.4780 12.427
7682.5594 12.426
7684.6408 12.428
7686.7222 12.432
7688.8036 12.452
7690.8850 12.498
7692.9664 12.507
7695.0478 12.489
7697.1292 12.469
7699.2106 12.468
7701.2920 12.495
7703.3734 12.487
7705.4548 12.465
7707.5362 12.441
7709.6176 12.423
7711.6990 12.409
7713.7804 12.413
7715.8618 12.427
7717.9432 12.452
7720.0246 12.471
7722.1060 12.465
7724.1874 12.452
7726.2688 12.447
7728.3502 12.470
7730.4316 12.494
7732.5130 12.507
7734.5944 12.510
7736.6758 12.485
7738.7572 12.445
7740.8386 12.405
7742.9200 12.374
7745.0014 12.383
7747.0828 12.405
7749.1642 12.409
7751.2456 12.427
7753.3270 12.481
7755.4084 12.528
7757.4898 12.530
7759.5712 12.497
7761.6526 12.458
7763.7340 12.420
7765.8154 12.448
7767.8968 12.492
7769.9782 12.511
7772.0596 12.501
7774.1410 12.487
7776.2224 12.479
7778.3038 12.480
7780.3852 12.511
7782.4666 12.517
7784.5480 12.501
7786.6294 12.485
7788.7108 12.487
7790.7922 12.461
7792.8736 12.447
7794.9550 12.450
7797.0364 12.469
7799.1178 12.464
7801.1992 12.418
7803.2806 12.386
7805.3620 12.398
7807.4434 12.417
7809.5248 12.430
7811.6062 12.419
7813.6876 12.439
7815.7690 12.497
7817.8504 12.533
7819.9318 12.540
7822.0132 12.505
7824.0946 12.441
7826.1760 12.414
7828.2574 12.404
7830.3388 12.407
7832.4202 12.413
7834.5016 12.426
7836.5830 12.453
7838.6644 12.437
7840.7458 12.445
7842.8272 12.477
7844.9086 12.483
7846.9900 12.461
7849.0714 12.447
7851.1528 12.437
7853.2342 12.418
7855.3156 12.418
7857.3970 12.429
7859.4784 12.448
7861.5598 12.457
7863.6412 12.437
7865.7226 12.439
7867.8040 12.432
7869.8854 12.443
7871.9668 12.461
7874.0482 12.469
7876.1296 12.469
7878.2110 12.447
7880.2924 12.416
7882.3738 12.393
7884.4552 12.405
7886.5366 12.429
7888.6180 12.460
7890.6994 12.480
7892.7808 12.475
7894.8622 12.409
7896.9436 12.382
7899.0250 12.383
7901.1064 12.417
7903.1878 12.435
7905.2692 12.437
7907.3506 12.432
7909.4319 12.432
7911.5133 12.420
7913.5947 12.421
7915.6761 12.438
7917.7575 12.448
7919.8389 12.447
7921.9203 12.453
7924.0017 12.466
7926.0831 12.488
7928.1645 12.488
7930.2459 12.465
7932.3273 12.407
7934.4087 12.386
7936.4901 12.418
7938.5715 12.442
7940.6529 12.451
7942.7343 12.424
7944.8157 12.406
7946.8971 12.389
7948.9785 12.384
7951.0599 12.396
7953.1413 12.381
7955.2227 12.362
7957.3041 12.355
7959.3855 12.386
7961.4669 12.444
7963.5483 12.431
7965.6297 12.419
7967.7111 12.427
7969.7925 12.473
7971.8739 12.518
7973.9553 12.466
7976.0367 12.433
7978.1181 12.457
7980.1995 12.454
7982.2809 12.454
7984.3623 12.488
7986.4437 12.490
7988.5251 12.487
7990.6065 12.458
7992.6879 12.427
7994.7693 12.434
7996.8507 12.450
7998.9321 12.488
8001.0135 12.477
8003.0949 12.449
8005.1763 12.502
8007.2577 12.517
8009.3391 12.437
8011.4205 12.386
8013.5019 12.401
8015.5833 12.434
8017.6647 12.458
8019.7461 12.470
8021.8275 12.466
8023.9089 12.463
8025.9903 12.450
8028.0717 12.428
8030.1531 12.396
8032.2345 12.391
8034.3159 12.400
8036.3973 12.422
8038.4787 12.433
8040.5601 12.456
8042.6415 12.493
8044.7229 12.521
8046.8043 12.493
8048.8857 12.431
8050.9671 12.406
8053.0485 12.399
8055.1299 12.403
8057.2113 12.409
8059.2927 12.410
8061.3741 12.421
8063.4555 12.500
8065.5369 12.585
8067.6183 12.577
8069.6997 12.543
8071.7811 12.522
8073.8625 12.541
8075.9439 12.569
8078.0253 12.557
8080.1067 12.532
8082.1881 12.526
8084.2695 12.505
8086.3509 12.480
8088.4323 12.506
8090.5137 12.559
8092.5951 12.611
8094.6765 12.602
8096.7579 12.583
8098.8393 12.625
8100.9207 12.640
8103.0021 12.636
8105.0835 12.674
8107.1649 12.721
8109.2463 12.732
8111.3277 12.724
8113.4091 12.685
8115.4905 12.678
8117.5719 12.675
8119.6533 12.682
8121.7347 12.703
8123.8161 12.735
8125.8975 12.771
8127.9789 12.796
8130.0603 12.784
8132.1417 12.758
8134.2231 12.737
8136.3045 12.750
8138.3859 12.787
8140.4673 12.830
8142.5487 12.903
8144.6301 12.960
8146.7115 12.957
8148.7929 12.929
8150.8743 12.930
8152.9557 12.939
8155.0371 12.983
8157.1185 12.994
8159.1999 12.972
8161.2813 12.924
8163.3627 12.908
8165.4441 12.921
8167.5255 12.972
8169.6069 13.018
8171.6883 13.076
8173.7697 13.092
8175.8511 13.071
8177.9325 13.095
8180.0139 13.150
8182.0953 13.212
8184.1767 13.248
8186.2581 13.250
8188.3395 13.089
8190.4209 12.613
8192.5023 12.586
8194.5837 12.559
8196.6651 12.584
8198.7465 12.616
8200.8279 12.653
8202.9093 12.692
8204.9907 12.700
8207.0721 12.671
8209.1535 12.611
8211.2349 12.540
8213.3163 12.521
8215.3977 12.570
8217.4791 12.667
8219.5605 12.770
8221.6419 12.727
8223.7233 12.682
8225.8047 12.657
8227.8861 12.672
8229.9675 12.719
8232.0489 12.750
8234.1303 12.740
8236.2117 12.675
8238.2931 12.598
8240.3745 12.583
8242.4559 12.589
8244.5373 12.592
8246.6187 12.577
8248.7001 12.597
8250.7815 12.605
8252.8629 12.589
8254.9443 12.558
8257.0257 12.569
8259.1071 12.613
8261.1885 12.676
8263.2699 12.728
8265.3513 12.746
8267.4327 12.756
8269.5141 12.761
8271.5955 12.767
8273.6769 12.778
8275.7583 12.776
8277.8397 12.750
8279.9211 12.692
8282.0025 12.687
8284.0839 12.733
8286.1653 12.769
8288.2467 12.743
8290.3281 12.659
8292.4095 12.643
8294.4909 12.666
8296.5723 12.710
8298.6537 12.746
8300.7351 12.798
8302.8165 12.804
8304.8979 12.754
8306.9793 12.699
8309.0607 12.688
8311.1421 12.681
8313.2235 12.676
8315.3049 12.701
8317.3863 12.719
8319.4677 12.687
8321.5491 12.625
8323.6305 12.588
8325.7119 12.605
8327.7933 12.616
8329.8747 12.620
8331.9561 12.630
8334.0375 12.741
8336.1189 12.894
8338.2003 13.030
8340.2817 13.072
8342.3631 12.896
8344.4445 12.731
8346.5259 12.638
8348.6073 12.655
8350.6887 12.694
8352.7701 12.737
8354.8515 12.766
8356.9329 12.762
8359.0143 12.700
8361.0957 12.679
8363.1771 12.674
8365.2585 12.684
8367.3399 12.718
8369.4213 12.768
8371.5027 12.791
8373.5841 12.776
8375.6655 12.727
8377.7469 12.720
8379.8283 12.760
8381.9097 12.818
8383.9911  0.000
