3150.2893 12.323
3152.3707 12.320
3154.4520 12.317
3156.5334 12.314
3158.6147 12.311
3160.6961 12.308
3162.7775 12.305
3164.8588 12.302
3166.9402 12.264
3169.0216 12.263
3171.1029 12.277
3173.1843 12.297
3175.2656 12.296
3177.3470 12.269
3179.4284 12.218
3181.5097 12.167
3183.5911 12.146
3185.6725 12.213
3187.7538 12.265
3189.8352 12.272
3191.9165 12.222
3193.9979 12.147
3196.0793 12.123
3198.1606 12.133
3200.2420 12.159
3202.3234 12.172
3204.4047 12.164
3206.4861 12.146
3208.5674 12.131
3210.6488 12.136
3212.7302 12.210
3214.8115 12.204
3216.8929 12.173
3218.9743 12.148
3221.0556 12.136
3223.1370 12.145
3225.2183 12.195
3227.2997 12.269
3229.3811 12.315
3231.4624 12.304
3233.5438 12.248
3235.6252 12.177
3237.7065 12.125
3239.7879 12.134
3241.8692 12.149
3243.9506 12.168
3246.0320 12.177
3248.1133 12.112
3250.1947 12.077
3252.2760 12.083
3254.3574 12.140
3256.4388 12.258
3258.5201 12.332
3260.6015 12.297
3262.6829 12.216
3264.7642 12.164
3266.8456 12.140
3268.9269 12.091
3271.0083 12.056
3273.0897 12.060
3275.1710 12.117
3277.2524 12.206
3279.3338 12.238
3281.4151 12.217
3283.4965 12.200
3285.5778 12.192
3287.6592 12.179
3289.7406 12.168
3291.8219 12.160
3293.9033 12.129
3295.9847 12.080
3298.0660 12.056
3300.1474 12.072
3302.2287 12.088
3304.3101 12.113
3306.3915 12.113
3308.4728 12.103
3310.5542 12.136
3312.6356 12.121
3314.7169 12.106
3316.7983 12.088
3318.8796 12.067
3320.9610 12.123
3323.0424 12.143
3325.1237 12.159
3327.2051 12.179
3329.2864 12.166
3331.3678 12.157
3333.4492 12.150
3335.5305 12.148
3337.6119 12.167
3339.6933 12.152
3341.7746 12.145
3343.8560 12.152
3345.9373 12.174
3348.0187 12.147
3350.1001 12.143
3352.1814 12.133
3354.2628 12.109
3356.3442 12.119
3358.4255 12.127
3360.5069 12.114
3362.5882 12.090
3364.6696 12.080
3366.7510 12.065
3368.8323 12.061
3370.9137 12.105
3372.9951 12.224
3375.0764 12.302
3377.1578 12.281
3379.2391 12.247
3381.3205 12.237
3383.4019 12.199
3385.4832 12.173
3387.5646 12.162
3389.6460 12.153
3391.7273 12.110
3393.8087 12.079
3395.8900 12.066
3397.9714 12.077
3400.0528 12.121
3402.1341 12.214
3404.2155 12.259
3406.2969 12.267
3408.3782 12.250
3410.4596 12.230
3412.5409 12.195
3414.6223 12.150
3416.7037 12.110
3418.7850 12.110
3420.8664 12.183
3422.9477 12.215
3425.0291 12.235
3427.1105 12.280
3429.1918 12.237
3431.2732 12.220
3433.3546 12.218
3435.4359 12.222
3437.5173 12.219
3439.5986 12.212
3441.6800 12.181
3443.7614 12.145
3445.8427 12.152
3447.9241 12.220
3450.0055 12.260
3452.0868 12.253
3454.1682 12.190
3456.2495 12.146
3458.3309 12.144
3460.4123 12.163
3462.4936 12.188
3464.5750 12.188
3466.6564 12.185
3468.7377 12.188
3470.8191 12.206
3472.9004 12.250
3474.9818 12.237
3477.0632 12.219
3479.1445 12.204
3481.2259 12.197
3483.3073 12.198
3485.3886 12.217
3487.4700 12.209
3489.5513 12.162
3491.6327 12.167
3493.7141 12.207
3495.7954 12.240
3497.8768 12.253
3499.9581 12.244
3502.0395 12.218
3504.1209 12.206
3506.2022 12.222
3508.2836 12.270
3510.3650 12.235
3512.4463 12.229
3514.5277 12.224
3516.6090 12.208
3518.6904 12.194
3520.7718 12.222
3522.8531 12.255
3524.9345 12.266
3527.0159 12.213
3529.0972 12.149
3531.1786 12.132
3533.2599 12.152
3535.3413 12.191
3537.4227 12.199
3539.5040 12.178
3541.5854 12.169
3543.6668 12.189
3545.7481 12.220
3547.8295 12.197
3549.9108 12.163
3551.9922 12.127
3554.0736 12.086
3556.1549 12.106
3558.2363 12.151
3560.3177 12.185
3562.3990 12.165
3564.4804 12.170
3566.5617 12.174
3568.6431 12.189
3570.7245 12.155
3572.8058 12.115
3574.8872 12.096
3576.9686 12.130
3579.0499 12.180
3581.1313 12.224
3583.2126 12.207
3585.2940 12.187
3587.3754 12.199
3589.4567 12.229
3591.5381 12.226
3593.6194 12.223
3595.7008 12.220
3597.7822 12.221
3599.8635 12.217
3601.9449 12.204
3604.0263 12.192
3606.1076 12.182
3608.1890 12.129
3610.2703 12.105
3612.3517 12.120
3614.4331 12.140
3616.5144 12.157
3618.5958 12.199
3620.6772 12.226
3622.7585 12.233
3624.8399 12.227
3626.9212 12.238
3629.0026 12.249
3631.0840 12.251
3633.1653 12.246
3635.2467 12.224
3637.3281 12.232
3639.4094 12.234
3641.4908 12.234
3643.5721 12.223
3645.6535 12.242
3647.7349 12.270
3649.8162 12.281
3651.8976 12.259
3653.9790 12.218
3656.0603 12.203
3658.1417 12.222
3660.2230 12.230
3662.3044 12.226
3664.3858 12.234
3666.4671 12.234
3668.5485 12.220
3670.6299 12.213
3672.7112 12.193
3674.7926 12.197
3676.8739 12.203
3678.9553 12.201
3681.0367 12.225
3683.1180 12.252
3685.1994 12.268
3687.2807 12.269
3689.3621 12.272
3691.4435 12.282
3693.5248 12.303
3695.6062 12.307
3697.6876 12.293
3699.7689 12.287
3701.8503 12.293
3703.9316 12.306
3706.0130 12.321
3708.0944 12.309
3710.1757 12.266
3712.2571 12.255
3714.3385 12.273
3716.4198 12.298
3718.5012 12.289
3720.5825 12.269
3722.6639 12.256
3724.7453 12.254
3726.8266 12.229
3728.9080 12.192
3730.9894 12.177
3733.0707 12.193
3735.1521 12.238
3737.2334 12.280
3739.3148 12.299
3741.3962 12.274
3743.4775 12.243
3745.5589 12.245
3747.6403 12.256
3749.7216 12.266
3751.8030 12.268
3753.8843 12.264
3755.9657 12.283
3758.0471 12.285
3760.1284 12.261
3762.2098 12.237
3764.2911 12.254
3766.3725 12.288
3768.4539 12.334
3770.5352 12.368
3772.6166 12.350
3774.6980 12.327
3776.7793 12.319
3778.8607 12.322
3780.9420 12.326
3783.0234 12.307
3785.1048 12.273
3787.1861 12.228
3789.2675 12.201
3791.3489 12.222
3793.4302 12.254
3795.5116 12.285
3797.5929 12.309
3799.6743 12.308
3801.7557 12.291
3803.8370 12.262
3805.9184 12.252
3807.9998 12.263
3810.0811 12.286
3812.1625 12.290
3814.2438 12.271
3816.3252 12.252
3818.4066 12.266
3820.4879 12.291
3822.5693 12.290
3824.6507 12.300
3826.7320 12.321
3828.8134 12.329
3830.8947 12.326
3832.9761 12.325
3835.0575 12.307
3837.1388 12.310
3839.2202 12.318
3841.3016 12.325
3843.3829 12.321
3845.4643 12.321
3847.5456 12.322
3849.6270 12.327
3851.7084 12.339
3853.7897 12.330
3855.8711 12.311
3857.9524 12.307
3860.0338 12.305
3862.1152 12.274
3864.1965 12.249
3866.2779 12.251
3868.3593 12.287
3870.4406 12.323
3872.5220 12.345
3874.6033 12.359
3876.6847 12.371
3878.7661 12.376
3880.8474 12.385
3882.9288 12.388
3885.0102 12.379
3887.0915 12.362
3889.1729 12.346
3891.2542 12.364
3893.3356 12.388
3895.4170 12.407
3897.4983 12.395
3899.5797 12.379
3901.6611 12.366
3903.7424 12.340
3905.8238 12.303
3907.9051 12.263
3909.9865 12.250
3912.0679 12.267
3914.1492 12.291
3916.2306 12.293
3918.3120 12.281
3920.3933 12.286
3922.4747 12.312
3924.5560 12.307
3926.6374 12.276
3928.7188 12.250
3930.8001 12.243
3932.8815 12.268
3934.9628 12.302
3937.0442 12.320
3939.1256 12.331
3941.2069 12.348
3943.2883 12.380
3945.3697 12.406
3947.4510 12.415
3949.5324 12.418
3951.6137 12.422
3953.6951 12.439
3955.7765 12.447
3957.8578 12.449
3959.9392 12.467
3962.0206 12.487
3964.1019 12.505
3966.1833 12.525
3968.2646 12.549
3970.3460 12.555
3972.4274 12.544
3974.5087 12.531
3976.5901 12.511
3978.6715 12.470
3980.7528 12.436
3982.8342 12.408
3984.9155 12.389
3986.9969 12.370
3989.0783 12.361
3991.1596 12.343
3993.2410 12.323
3995.3224 12.316
3997.4037 12.308
3999.4851 12.287
4001.5664 12.269
4003.6478 12.260
4005.7292 12.252
4007.8105 12.243
4009.8919 12.229
4011.9733 12.224
4014.0546 12.236
4016.1360 12.230
4018.2173 12.217
4020.2987 12.191
4022.3801 12.158
4024.4614 12.145
4026.5428 12.162
4028.6241 12.175
4030.7055 12.163
4032.7869 12.139
4034.8682 12.144
4036.9496 12.168
4039.0310 12.197
4041.1123 12.226
4043.1937 12.225
4045.2750 12.196
4047.3564 12.166
4049.4378 12.159
4051.5191 12.176
4053.6005 12.184
4055.6819 12.196
4057.7632 12.214
4059.8446 12.227
4061.9259 12.237
4064.0073 12.253
4066.0887 12.274
4068.1700 12.292
4070.2514 12.317
4072.3328 12.349
4074.4141 12.379
4076.4955 12.410
4078.5768 12.433
4080.6582 12.449
4082.7396 12.461
4084.8209 12.483
4086.9023 12.502
4088.9837 12.516
4091.0650 12.534
4093.1464 12.563
4095.2277 12.616
4097.3091 12.662
4099.3905 12.683
4101.4718 12.690
4103.5532 12.704
4105.6345 12.692
4107.7159 12.662
4109.7973 12.620
4111.8786 12.595
4113.9600 12.577
4116.0414 12.545
4118.1227 12.516
4120.2041 12.493
4122.2854 12.470
4124.3668 12.449
4126.4482 12.428
4128.5295 12.404
4130.6109 12.374
4132.6923 12.348
4134.7736 12.322
4136.8550 12.313
4138.9363 12.312
4141.0177 12.301
4143.0991 12.291
4145.1804 12.279
4147.2618 12.263
4149.3432 12.237
4151.4245 12.224
4153.5059 12.215
4155.5872 12.211
4157.6686 12.211
4159.7500 12.212
4161.8313 12.202
4163.9127 12.192
4165.9941 12.187
4168.0754 12.185
4170.1568 12.183
4172.2381 12.177
4174.3195 12.165
4176.4009 12.147
4178.4822 12.137
4180.5636 12.130
4182.6450 12.135
4184.7263 12.142
4186.8077 12.144
4188.8890 12.149
4190.9704 12.149
4193.0518 12.152
4195.1331 12.149
4197.2145 12.139
4199.2958 12.141
4201.3772 12.152
4203.4586 12.145
4205.5399 12.135
4207.6213 12.132
4209.7027 12.132
4211.7840 12.134
4213.8654 12.136
4215.9467 12.138
4218.0281 12.137
4220.1095 12.138
4222.1908 12.142
4224.2722 12.135
4226.3536 12.128
4228.4349 12.127
4230.5163 12.134
4232.5976 12.135
4234.6790 12.127
4236.7604 12.119
4238.8417 12.127
4240.9231 12.141
4243.0045 12.144
4245.0858 12.137
4247.1672 12.126
4249.2485 12.130
4251.3299 12.136
4253.4113 12.150
4255.4926 12.166
4257.5740 12.184
4259.6554 12.183
4261.7367 12.182
4263.8181 12.184
4265.8994 12.184
4267.9808 12.180
4270.0622 12.181
4272.1435 12.187
4274.2249 12.197
4276.3063 12.214
4278.3876 12.237
4280.4690 12.254
4282.5503 12.260
4284.6317 12.253
4286.7131 12.248
4288.7944 12.253
4290.8758 12.257
4292.9571 12.263
4295.0385 12.286
4297.1199 12.317
4299.2012 12.344
4301.2826 12.369
4303.3640 12.388
4305.4453 12.403
4307.5267 12.404
4309.6080 12.397
4311.6894 12.407
4313.7708 12.433
4315.8521 12.457
4317.9335 12.485
4320.0149 12.521
4322.0962 12.557
4324.1776 12.598
4326.2589 12.641
4328.3403 12.680
4330.4217 12.699
4332.5030 12.711
4334.5844 12.730
4336.6658 12.756
4338.7471 12.795
4340.8285 12.824
4342.9098 12.825
4344.9912 12.799
4347.0726 12.755
4349.1539 12.709
4351.2353 12.673
4353.3167 12.649
4355.3980 12.640
4357.4794 12.620
4359.5607 12.589
4361.6421 12.566
4363.7235 12.545
4365.8048 12.517
4367.8862 12.497
4369.9675 12.481
4372.0489 12.458
4374.1303 12.433
4376.2116 12.419
4378.2930 12.401
4380.3744 12.386
4382.4557 12.389
4384.5371 12.387
4386.6184 12.347
4388.6998 12.317
4390.7812 12.306
4392.8625 12.303
4394.9439 12.294
4397.0253 12.280
4399.1066 12.268
4401.1880 12.270
4403.2693 12.255
4405.3507 12.235
4407.4321 12.223
4409.5134 12.218
4411.5948 12.220
4413.6762 12.221
4415.7575 12.222
4417.8389 12.221
4419.9202 12.210
4422.0016 12.193
4424.0830 12.187
4426.1643 12.195
4428.2457 12.216
4430.3271 12.224
4432.4084 12.221
4434.4898 12.211
4436.5711 12.199
4438.6525 12.200
4440.7339 12.205
4442.8152 12.198
4444.8966 12.172
4446.9780 12.157
4449.0593 12.168
4451.1407 12.181
4453.2220 12.187
4455.3034 12.188
4457.3848 12.178
4459.4661 12.172
4461.5475 12.171
4463.6288 12.172
4465.7102 12.169
4467.7916 12.171
4469.8729 12.177
4471.9543 12.177
4474.0357 12.166
4476.1170 12.158
4478.1984 12.163
4480.2797 12.172
4482.3611 12.158
4484.4425 12.132
4486.5238 12.126
4488.6052 12.132
4490.6866 12.145
4492.7679 12.165
4494.8493 12.186
4496.9306 12.202
4499.0120 12.205
4501.0934 12.191
4503.1747 12.189
4505.2561 12.188
4507.3375 12.182
4509.4188 12.163
4511.5002 12.158
4513.5815 12.167
4515.6629 12.179
4517.7443 12.182
4519.8256 12.182
4521.9070 12.172
4523.9884 12.153
4526.0697 12.140
4528.1511 12.154
4530.2324 12.174
4532.3138 12.188
4534.3952 12.192
4536.4765 12.182
4538.5579 12.171
4540.6392 12.167
4542.7206 12.166
4544.8020 12.170
4546.8833 12.182
4548.9647 12.185
4551.0461 12.181
4553.1274 12.174
4555.2088 12.167
4557.2901 12.158
4559.3715 12.158
4561.4529 12.165
4563.5342 12.172
4565.6156 12.185
4567.6970 12.193
4569.7783 12.196
4571.8597 12.199
4573.9410 12.192
4576.0224 12.190
4578.1038 12.188
4580.1851 12.186
4582.2665 12.194
4584.3479 12.208
4586.4292 12.214
4588.5106 12.214
4590.5919 12.206
4592.6733 12.189
4594.7547 12.189
4596.8360 12.198
4598.9174 12.211
4600.9988 12.215
4603.0801 12.212
4605.1615 12.215
4607.2428 12.224
4609.3242 12.223
4611.4056 12.212
4613.4869 12.202
4615.5683 12.201
4617.6497 12.212
4619.7310 12.221
4621.8124 12.221
4623.8937 12.217
4625.9751 12.219
4628.0565 12.224
4630.1378 12.233
4632.2192 12.241
4634.3005 12.241
4636.3819 12.232
4638.4633 12.214
4640.5446 12.202
4642.6260 12.196
4644.7074 12.195
4646.7887 12.189
4648.8701 12.188
4650.9514 12.194
4653.0328 12.209
4655.1142 12.219
4657.1955 12.217
4659.2769 12.215
4661.3583 12.221
4663.4396 12.238
4665.5210 12.253
4667.6023 12.261
4669.6837 12.262
4671.7651 12.257
4673.8464 12.246
4675.9278 12.244
4678.0092 12.248
4680.0905 12.254
4682.1719 12.249
4684.2532 12.241
4686.3346 12.242
4688.4160 12.251
4690.4973 12.267
4692.5787 12.274
4694.6601 12.265
4696.7414 12.249
4698.8228 12.238
4700.9041 12.241
4702.9855 12.255
4705.0669 12.270
4707.1482 12.277
4709.2296 12.272
4711.3109 12.280
4713.3923 12.286
4715.4737 12.280
4717.5550 12.262
4719.6364 12.250
4721.7178 12.256
4723.7991 12.266
4725.8805 12.273
4727.9618 12.277
4730.0432 12.279
4732.1246 12.283
4734.2059 12.288
4736.2873 12.297
4738.3687 12.309
4740.4500 12.323
4742.5314 12.333
4744.6127 12.334
4746.6941 12.327
4748.7755 12.321
4750.8568 12.314
4752.9382 12.315
4755.0196 12.320
4757.1009 12.325
4759.1823 12.327
4761.2636 12.325
4763.3450 12.330
4765.4264 12.348
4767.5077 12.358
4769.5891 12.352
4771.6705 12.342
4773.7518 12.340
4775.8332 12.345
4777.9145 12.351
4779.9959 12.355
4782.0773 12.355
4784.1586 12.351
4786.2400 12.351
4788.3214 12.359
4790.4027 12.386
4792.4841 12.412
4794.5654 12.424
4796.6468 12.421
4798.7282 12.416
4800.8095 12.425
4802.8909 12.441
4804.9722 12.458
4807.0536 12.481
4809.1350 12.491
4811.2163 12.486
4813.2977 12.474
4815.3791 12.465
4817.4604 12.479
4819.5418 12.505
4821.6231 12.535
4823.7045 12.565
4825.7859 12.590
4827.8672 12.597
4829.9486 12.622
4832.0300 12.657
4834.1113 12.682
4836.1927 12.685
4838.2740 12.685
4840.3554 12.691
4842.4368 12.715
4844.5181 12.751
4846.5995 12.775
4848.6809 12.792
4850.7622 12.819
4852.8436 12.854
4854.9249 12.901
4857.0063 12.944
4859.0877 12.988
4861.1690 13.035
4863.2504 13.048
4865.3318 13.017
4867.4131 12.953
4869.4945 12.898
4871.5758 12.871
4873.6572 12.850
4875.7386 12.829
4877.8199 12.803
4879.9013 12.787
4881.9827 12.752
4884.0640 12.713
4886.1454 12.674
4888.2267 12.641
4890.3081 12.630
4892.3895 12.623
4894.4708 12.613
4896.5522 12.605
4898.6335 12.588
4900.7149 12.573
4902.7963 12.565
4904.8776 12.554
4906.9590 12.534
4909.0404 12.521
4911.1217 12.511
4913.2031 12.512
4915.2844 12.518
4917.3658 12.531
4919.4472 12.537
4921.5285 12.533
4923.6099 12.514
4925.6913 12.476
4927.7726 12.456
4929.8540 12.445
4931.9353 12.444
4934.0167 12.441
4936.0981 12.436
4938.1794 12.419
4940.2608 12.404
4942.3422 12.403
4944.4235 12.406
4946.5049 12.400
4948.5862 12.401
4950.6676 12.415
4952.7490 12.427
4954.8303 12.434
4956.9117 12.428
4958.9931 12.412
4961.0744 12.400
4963.1558 12.398
4965.2371 12.397
4967.3185 12.399
4969.3999 12.401
4971.4812 12.395
4973.5626 12.390
4975.6439 12.386
4977.7253 12.387
4979.8067 12.391
4981.8880 12.391
4983.9694 12.386
4986.0508 12.378
4988.1321 12.384
4990.2135 12.384
4992.2948 12.379
4994.3762 12.375
4996.4576 12.370
4998.5389 12.368
5000.6203 12.371
5002.7017 12.384
5004.7830 12.404
5006.8644 12.383
5008.9457 12.361
5011.0271 12.368
5013.1085 12.385
5015.1898 12.392
5017.2712 12.386
5019.3526 12.384
5021.4339 12.382
5023.5153 12.377
5025.5966 12.371
5027.6780 12.374
5029.7594 12.374
5031.8407 12.376
5033.9221 12.391
5036.0035 12.400
5038.0848 12.392
5040.1662 12.371
5042.2475 12.356
5044.3289 12.355
5046.4103 12.372
5048.4916 12.392
5050.5730 12.401
5052.6544 12.402
5054.7357 12.406
5056.8171 12.407
5058.8984 12.408
5060.9798 12.403
5063.0612 12.404
5065.1425 12.412
5067.2239 12.420
5069.3052 12.417
5071.3866 12.406
5073.4680 12.404
5075.5493 12.409
5077.6307 12.411
5079.7121 12.393
5081.7934 12.382
5083.8748 12.383
5085.9561 12.395
5088.0375 12.393
5090.1189 12.405
5092.2002 12.419
5094.2816 12.432
5096.3630 12.432
5098.4443 12.428
5100.5257 12.424
5102.6070 12.416
5104.6884 12.413
5106.7698 12.412
5108.8511 12.411
5110.9325 12.411
5113.0139 12.411
5115.0952 12.409
5117.1766 12.411
5119.2579 12.409
5121.3393 12.406
5123.4207 12.402
5125.5020 12.407
5127.5834 12.416
5129.6648 12.418
5131.7461 12.414
5133.8275 12.418
5135.9088 12.429
5137.9902 12.435
5140.0716 12.425
5142.1529 12.404
5144.2343 12.391
5146.3156 12.396
5148.3970 12.419
5150.4784 12.430
5152.5597 12.423
5154.6411 12.422
5156.7225 12.425
5158.8038 12.429
5160.8852 12.426
5162.9665 12.423
5165.0479 12.416
5167.1293 12.400
5169.2106 12.389
5171.2920 12.397
5173.3734 12.409
5175.4547 12.427
5177.5361 12.451
5179.6174 12.459
5181.6988 12.450
5183.7802 12.444
5185.8615 12.456
5187.9429 12.446
5190.0243 12.426
5192.1056 12.413
5194.1870 12.417
5196.2683 12.435
5198.3497 12.444
5200.4311 12.451
5202.5124 12.460
5204.5938 12.466
5206.6752 12.454
5208.7565 12.441
5210.8379 12.426
5212.9192 12.411
5215.0006 12.410
5217.0820 12.421
5219.1633 12.431
5221.2447 12.430
5223.3261 12.436
5225.4074 12.450
5227.4888 12.464
5229.5701 12.466
5231.6515 12.464
5233.7329 12.457
5235.8142 12.448
5237.8956 12.446
5239.9769 12.468
5242.0583 12.485
5244.1397 12.481
5246.2210 12.467
5248.3024 12.454
5250.3838 12.456
5252.4651 12.458
5254.5465 12.459
5256.6278 12.458
5258.7092 12.448
5260.7906 12.432
5262.8719 12.436
5264.9533 12.454
5267.0347 12.465
5269.1160 12.474
5271.1974 12.485
5273.2787 12.480
5275.3601 12.467
5277.4415 12.471
5279.5228 12.475
5281.6042 12.457
5283.6856 12.470
5285.7669 12.473
5287.8483 12.461
5289.9296 12.432
5292.0110 12.405
5294.0924 12.404
5296.1737 12.436
5298.2551 12.455
5300.3365 12.458
5302.4178 12.448
5304.4992 12.445
5306.5805 12.449
5308.6619 12.458
5310.7433 12.469
5312.8246 12.475
5314.9060 12.465
5316.9874 12.451
5319.0687 12.451
5321.1501 12.486
5323.2314 12.514
5325.3128 12.518
5327.3942 12.514
5329.4755 12.507
5331.5569 12.475
5333.6382 12.476
5335.7196 12.484
5337.8010 12.487
5339.8823 12.467
5341.9637 12.438
5344.0451 12.437
5346.1264 12.452
5348.2078 12.463
5350.2891 12.467
5352.3705 12.473
5354.4519 12.488
5356.5332 12.491
5358.6146 12.504
5360.6960 12.515
5362.7773 12.536
5364.8587 12.549
5366.9400 12.546
5369.0214 12.524
5371.1028 12.517
5373.1841 12.513
5375.2655 12.503
5377.3469 12.495
5379.4282 12.496
5381.5096 12.503
5383.5909 12.505
5385.6723 12.496
5387.7537 12.491
5389.8350 12.494
5391.9164 12.506
5393.9978 12.527
5396.0791 12.539
5398.1605 12.525
5400.2418 12.513
5402.3232 12.515
5404.4046 12.531
5406.4859 12.536
5408.5673 12.525
5410.6486 12.511
5412.7300 12.514
5414.8114 12.545
5416.8927 12.559
5418.9741 12.555
5421.0555 12.537
5423.1368 12.514
5425.2182 12.500
5427.2995 12.500
5429.3809 12.516
5431.4623 12.527
5433.5436 12.544
5435.6250 12.559
5437.7064 12.566
5439.7877 12.557
5441.8691 12.553
5443.9504 12.555
5446.0318 12.558
5448.1132 12.558
5450.1945 12.549
5452.2759 12.539
5454.3573 12.528
5456.4386 12.517
5458.5200 12.501
5460.6013 12.490
5462.6827 12.486
5464.7641 12.492
5466.8454 12.513
5468.9268 12.513
5471.0082 12.501
5473.0895 12.488
5475.1709 12.494
5477.2522 12.498
5479.3336 12.506
5481.4150 12.515
5483.4963 12.520
5485.5777 12.515
5487.6591 12.508
5489.7404 12.500
5491.8218 12.497
5493.9031 12.505
5495.9845 12.501
5498.0659 12.498
5500.1472 12.501
5502.2286 12.521
5504.3099 12.525
5506.3913 12.524
5508.4727 12.518
5510.5540 12.505
5512.6354 12.501
5514.7168 12.499
5516.7981 12.499
5518.8795 12.503
5520.9608 12.517
5523.0422 12.523
5525.1236 12.526
5527.2049 12.530
5529.2863 12.538
5531.3677 12.545
5533.4490 12.537
5535.5304 12.517
5537.6117 12.513
5539.6931 12.496
5541.7745 12.489
5543.8558 12.499
5545.9372 12.506
5548.0186 12.515
5550.0999 12.525
5552.1813 12.531
5554.2626 12.518
5556.3440 12.500
5558.4254 12.506
5560.5067 12.526
5562.5881 12.544
5564.6695 12.518
5566.7508 12.481
5568.8322 12.448
5570.9135 12.438
5572.9949 12.435
5575.0763 12.424
5577.1576 12.408
5579.2390 12.405
5581.3203 12.418
5583.4017 12.434
5585.4831 12.456
5587.5644 12.476
5589.6458 12.500
5591.7272 12.510
5593.8085 12.519
5595.8899 12.523
5597.9712 12.529
5600.0526 12.541
5602.1340 12.540
5604.2153 12.525
5606.2967 12.509
5608.3781 12.500
5610.4594 12.503
5612.5408 12.500
5614.6221 12.502
5616.7035 12.515
5618.7849 12.525
5620.8662 12.520
5622.9476 12.511
5625.0290 12.512
5627.1103 12.526
5629.1917 12.538
5631.2730 12.540
5633.3544 12.521
5635.4358 12.501
5637.5171 12.496
5639.5985 12.507
5641.6799 12.520
5643.7612 12.530
5645.8426 12.535
5647.9239 12.548
5650.0053 12.547
5652.0867 12.541
5654.1680 12.527
5656.2494 12.519
5658.3308 12.522
5660.4121 12.526
5662.4935 12.532
5664.5748 12.539
5666.6562 12.542
5668.7376 12.538
5670.8189 12.534
5672.9003 12.535
5674.9816 12.542
5677.0630 12.551
5679.1444 12.557
5681.2257 12.562
5683.3071 12.564
5685.3885 12.557
5687.4698 12.549
5689.5512 12.544
5691.6325 12.540
5693.7139 12.537
5695.7953 12.534
5697.8766 12.533
5699.9580 12.536
5702.0394 12.543
5704.1207 12.557
5706.2021 12.569
5708.2834 12.576
5710.3648 12.573
5712.4462 12.569
5714.5275 12.562
5716.6089 12.563
5718.6903 12.572
5720.7716 12.567
5722.8530 12.576
5724.9343 12.593
5727.0157 12.598
5729.0971 12.588
5731.1784 12.581
5733.2598 12.573
5735.3412 12.563
5737.4225 12.559
5739.5039 12.575
5741.5852 12.584
5743.6666 12.581
5745.7480 12.567
5747.8293 12.561
5749.9107 12.565
5751.9920 12.573
5754.0734 12.578
5756.1548 12.581
5758.2361 12.594
5760.3175 12.602
5762.3989 12.598
5764.4802 12.596
5766.5616 12.588
5768.6429 12.583
5770.7243 12.583
5772.8057 12.585
5774.8870 12.584
5776.9684 12.584
5779.0498 12.587
5781.1311 12.590
5783.2125 12.603
5785.2938 12.616
5787.3752 12.624
5789.4566 12.625
5791.5379 12.632
5793.6193 12.640
5795.7007 12.637
5797.7820 12.619
5799.8634 12.605
5801.9447 12.606
5804.0261 12.615
5806.1075 12.622
5808.1888 12.620
5810.2702 12.611
5812.3516 12.598
5814.4329 12.588
5816.5143 12.589
5818.5956 12.596
5820.6770 12.601
5822.7584 12.604
5824.8397 12.607
5826.9211 12.606
5829.0025 12.601
5831.0838 12.601
5833.1652 12.600
5835.2465 12.601
5837.3279 12.617
5839.4093 12.639
5841.4906 12.649
5843.5720 12.637
5845.6533 12.624
5847.7347 12.614
5849.8161 12.613
5851.8974 12.624
5853.9788 12.628
5856.0602 12.623
5858.1415 12.616
5860.2229 12.621
5862.3042 12.621
5864.3856 12.623
5866.4670 12.627
5868.5483 12.635
5870.6297 12.641
5872.7111 12.638
5874.7924 12.631
5876.8738 12.627
5878.9551 12.628
5881.0365 12.629
5883.1179 12.632
5885.1992 12.636
5887.2806 12.642
5889.3620 12.648
5891.4433 12.655
5893.5247 12.660
5895.6060 12.675
5897.6874 12.683
5899.7688 12.686
5901.8501 12.682
5903.9315 12.679
5906.0129 12.673
5908.0942 12.662
5910.1756 12.650
5912.2569 12.651
5914.3383 12.665
5916.4197 12.666
5918.5010 12.655
5920.5824 12.636
5922.6638 12.635
5924.7451 12.657
5926.8265 12.680
5928.9078 12.688
5930.9892 12.653
5933.0706 12.656
5935.1519 12.642
5937.2333 12.637
5939.3146 12.656
5941.3960 12.675
5943.4774 12.690
5945.5587 12.701
5947.6401 12.713
5949.7215 12.708
5951.8028 12.698
5953.8842 12.690
5955.9655 12.687
5958.0469 12.677
5960.1283 12.672
5962.2096 12.676
5964.2910 12.690
5966.3724 12.692
5968.4537 12.681
5970.5351 12.674
5972.6164 12.680
5974.6978 12.697
5976.7792 12.709
5978.8605 12.712
5980.9419 12.706
5983.0233 12.697
5985.1046 12.697
5987.1860 12.703
5989.2673 12.710
5991.3487 12.706
5993.4301 12.710
5995.5114 12.711
5997.5928 12.709
5999.6742 12.702
6001.7555 12.708
6003.8369 12.725
6005.9182 12.738
6007.9996 12.736
6010.0810 12.734
6012.1623 12.726
6014.2437 12.718
6016.3250 12.713
6018.4064 12.721
6020.4878 12.733
6022.5691 12.746
6024.6505 12.758
6026.7319 12.768
6028.8132 12.748
6030.8946 12.735
6032.9759 12.736
6035.0573 12.750
6037.1387 12.742
6039.2200 12.735
6041.3014 12.737
6043.3828 12.752
6045.4641 12.755
6047.5455 12.755
6049.6268 12.751
6051.7082 12.745
6053.7896 12.731
6055.8709 12.724
6057.9523 12.731
6060.0337 12.752
6062.1150 12.770
6064.1964 12.779
6066.2777 12.781
6068.3591 12.776
6070.4405 12.766
6072.5218 12.751
6074.6032 12.739
6076.6846 12.736
6078.7659 12.752
6080.8473 12.774
6082.9286 12.782
6085.0100 12.777
6087.0914 12.762
6089.1727 12.751
6091.2541 12.750
6093.3355 12.758
6095.4168 12.772
6097.4982 12.775
6099.5795 12.779
6101.6609 12.783
6103.7423 12.788
6105.8236 12.787
6107.9050 12.777
6109.9863 12.768
6112.0677 12.761
6114.1491 12.743
6116.2304 12.731
6118.3118 12.736
6120.3932 12.754
6122.4745 12.773
6124.5559 12.773
6126.6372 12.769
6128.7186 12.766
6130.8000 12.767
6132.8813 12.777
6134.9627 12.787
6137.0441 12.792
6139.1254 12.787
6141.2068 12.775
6143.2881 12.774
6145.3695 12.779
6147.4509 12.787
6149.5322 12.789
6151.6136 12.790
6153.6950 12.792
6155.7763 12.794
6157.8577 12.795
6159.9390 12.797
6162.0204 12.801
6164.1018 12.806
6166.1831 12.809
6168.2645 12.804
6170.3459 12.799
6172.4272 12.797
6174.5086 12.800
6176.5899 12.806
6178.6713 12.814
6180.7527 12.820
6182.8340 12.822
6184.9154 12.819
6186.9967 12.814
6189.0781 12.800
6191.1595 12.776
6193.2408 12.760
6195.3222 12.768
6197.4036 12.785
6199.4849 12.804
6201.5663 12.821
6203.6476 12.826
6205.7290 12.822
6207.8104 12.817
6209.8917 12.824
6211.9731 12.836
6214.0545 12.844
6216.1358 12.848
6218.2172 12.853
6220.2985 12.865
6222.3799 12.867
6224.4613 12.860
6226.5426 12.847
6228.6240 12.833
6230.7054 12.822
6232.7867 12.811
6234.8681 12.802
6236.9494 12.811
6239.0308 12.830
6241.1122 12.849
6243.1935 12.865
6245.2749 12.874
6247.3563 12.867
6249.4376 12.855
6251.5190 12.844
6253.6003 12.841
6255.6817 12.835
6257.7631 12.833
6259.8444 12.833
6261.9258 12.837
6264.0072 12.839
6266.0885 12.838
6268.1699 12.836
6270.2512 12.833
6272.3326 12.836
6274.4140 12.849
6276.4953 12.863
6278.5767 12.868
6280.6580 12.853
6282.7394 12.857
6284.8208 12.867
6286.9021 12.879
6288.9835 12.883
6291.0649 12.882
6293.1462 12.884
6295.2276 12.888
6297.3089 12.888
6299.3903 12.863
6301.4717 12.843
6303.5530 12.837
6305.6344 12.853
6307.7158 12.849
6309.7971 12.840
6311.8785 12.837
6313.9598 12.845
6316.0412 12.866
6318.1226 12.871
6320.2039 12.861
6322.2853 12.842
6324.3667 12.849
6326.4480 12.856
6328.5294 12.854
6330.6107 12.847
6332.6921 12.847
6334.7735 12.868
6336.8548 12.880
6338.9362 12.879
6341.0176 12.864
6343.0989 12.866
6345.1803 12.874
6347.2616 12.879
6349.3430 12.874
6351.4244 12.866
6353.5057 12.857
6355.5871 12.851
6357.6685 12.854
6359.7498 12.879
6361.8312 12.886
6363.9125 12.890
6365.9939 12.895
6368.0753 12.902
6370.1566 12.905
6372.2380 12.896
6374.3193 12.878
6376.4007 12.859
6378.4821 12.860
6380.5634 12.870
6382.6448 12.882
6384.7262 12.883
6386.8075 12.872
6388.8889 12.866
6390.9702 12.865
6393.0516 12.867
6395.1330 12.866
6397.2143 12.868
6399.2957 12.872
6401.3771 12.874
6403.4584 12.874
6405.5398 12.877
6407.6211 12.886
6409.7025 12.899
6411.7839 12.919
6413.8652 12.925
6415.9466 12.924
6418.0280 12.921
6420.1093 12.920
6422.1907 12.924
6424.2720 12.923
6426.3534 12.923
6428.4348 12.936
6430.5161 12.933
6432.5975 12.920
6434.6789 12.910
6436.7602 12.918
6438.8416 12.928
6440.9229 12.926
6443.0043 12.922
6445.0857 12.922
6447.1670 12.924
6449.2484 12.919
6451.3297 12.920
6453.4111 12.929
6455.4925 12.937
6457.5738 12.940
6459.6552 12.942
6461.7366 12.942
6463.8179 12.935
6465.8993 12.925
6467.9806 12.924
6470.0620 12.935
6472.1434 12.962
6474.2247 12.992
6476.3061 13.008
6478.3875 13.013
6480.4688 13.013
6482.5502 13.010
6484.6315 13.005
6486.7129 12.996
6488.7943 12.984
6490.8756 12.987
6492.9570 12.995
6495.0384 13.007
6497.1197 13.025
6499.2011 13.056
6501.2824 13.064
6503.3638 13.065
6505.4452 13.067
6507.5265 13.082
6509.6079 13.090
6511.6893 13.099
6513.7706 13.109
6515.8520 13.119
6517.9333 13.122
6520.0147 13.133
6522.0961 13.142
6524.1774 13.140
6526.2588 13.112
6528.3402 13.103
6530.4215 13.112
6532.5029 13.136
6534.5842 13.161
6536.6656 13.180
6538.7470 13.194
6540.8283 13.202
6542.9097 13.201
6544.9910 13.203
6547.0724 13.212
6549.1538 13.234
6551.2351 13.273
6553.3165 13.307
6555.3979 13.329
6557.4792 13.348
6559.5606 13.374
6561.6419 13.434
6563.7233 13.473
6565.8047 13.476
6567.8860 13.432
6569.9674 13.389
6572.0488 13.364
6574.1301 13.344
6576.2115 13.322
6578.2928 13.292
6580.3742 13.281
6582.4556 13.279
6584.5369 13.278
6586.6183 13.264
6588.6997 13.227
6590.7810 13.190
6592.8624 13.159
6594.9437 13.141
6597.0251 13.131
6599.1065 13.119
6601.1878 13.106
6603.2692 13.092
6605.3506 13.088
6607.4319 13.080
6609.5133 13.069
6611.5946 13.057
6613.6760 13.049
6615.7574 13.040
6617.8387 13.033
6619.9201 13.030
6622.0014 13.035
6624.0828 13.045
6626.1642 13.057
6628.2455 13.068
6630.3269 13.068
6632.4083 13.054
6634.4896 13.042
6636.5710 13.033
6638.6523 13.029
6640.7337 13.028
6642.8151 13.030
6644.8964 13.026
6646.9778 13.008
6649.0592 12.983
6651.1405 12.981
6653.2219 12.988
6655.3032 12.991
6657.3846 12.982
6659.4660 12.976
6661.5473 12.975
6663.6287 12.980
6665.7101 12.981
6667.7914 12.979
6669.8728 12.974
6671.9541 12.969
6674.0355 12.965
6676.1169 12.953
6678.1982 12.937
6680.2796 12.920
6682.3610 12.908
6684.4423 12.915
6686.5237 12.934
6688.6050 12.955
6690.6864 12.965
6692.7678 12.957
6694.8491 12.949
6696.9305 12.942
6699.0119 12.938
6701.0932 12.939
6703.1746 12.946
6705.2559 12.955
6707.3373 12.962
6709.4187 12.963
6711.5000 12.957
6713.5814 12.946
6715.6627 12.933
6717.7441 12.924
6719.8255 12.923
6721.9068 12.925
6723.9882 12.930
6726.0696 12.944
6728.1509 12.956
6730.2323 12.966
6732.3136 12.972
6734.3950 12.977
6736.4764 12.975
6738.5577 12.970
6740.6391 12.964
6742.7205 12.959
6744.8018 12.953
6746.8832 12.945
6748.9645 12.935
6751.0459 12.927
6753.1273 12.927
6755.2086 12.932
6757.2900 12.930
6759.3714 12.920
6761.4527 12.909
6763.5341 12.908
6765.6154 12.902
6767.6968 12.895
6769.7782 12.895
6771.8595 12.899
6773.9409 12.906
6776.0223 12.919
6778.1036 12.944
6780.1850 12.949
6782.2663 12.943
6784.3477 12.939
6786.4291 12.948
6788.5104 12.961
6790.5918 12.963
6792.6731 12.963
6794.7545 12.965
6796.8359 12.975
6798.9172 12.974
6800.9986 12.973
6803.0800 12.970
6805.1613 12.959
6807.2427 12.950
6809.3240 12.957
6811.4054 12.974
6813.4868 12.984
6815.5681 12.983
6817.6495 12.981
6819.7309 12.980
6821.8122 12.982
6823.8936 12.973
6825.9749 12.962
6828.0563 12.954
6830.1377 12.953
6832.2190 12.955
6834.3004 12.955
6836.3818 12.953
6838.4631 12.948
6840.5445 12.940
6842.6258 12.945
6844.7072 12.948
6846.7886 12.944
6848.8699 12.934
6850.9513 12.935
6853.0327 12.941
6855.1140 12.950
6857.1954 12.958
6859.2767 12.982
6861.3581 13.025
6863.4395 13.081
6865.5208 13.138
6867.6022 13.173
6869.6836 13.177
6871.7649 13.163
6873.8463 13.142
6875.9276 13.128
6878.0090 13.096
6880.0904 13.062
6882.1717 13.037
6884.2531 13.044
6886.3344 13.055
6888.4158 13.064
6890.4972 13.069
6892.5785 13.065
6894.6599 13.061
6896.7413 13.058
6898.8226 13.058
6900.9040 13.060
6902.9853 13.064
6905.0667 13.059
6907.1481 13.044
6909.2294 13.016
6911.3108 12.988
6913.3922 12.982
6915.4735 12.989
6917.5549 13.001
6919.6362 13.003
6921.7176 12.997
6923.7990 12.987
6925.8803 12.975
6927.9617 12.965
6930.0431 12.965
6932.1244 12.968
6934.2058 12.975
6936.2871 12.993
6938.3685 13.008
6940.4499 13.011
6942.5312 13.008
6944.6126 13.010
6946.6940 13.022
6948.7753 13.024
6950.8567 13.019
6952.9380 13.012
6955.0194 13.010
6957.1008 13.001
6959.1821 12.991
6961.2635 12.983
6963.3449 12.983
6965.4262 12.973
6967.5076 12.959
6969.5889 12.947
6971.6703 12.953
6973.7517 12.967
6975.8330 12.966
6977.9144 12.948
6979.9957 12.918
6982.0771 12.908
6984.1585 12.928
6986.2398 12.967
6988.3212 13.009
6990.4026 13.006
6992.4839 12.982
6994.5653 12.956
6996.6466 12.943
6998.7280 12.931
7000.8094 12.935
7002.8907 12.957
7004.9721 12.994
7007.0535 13.017
7009.1348 13.009
7011.2162 12.991
7013.2975 12.977
7015.3789 12.981
7017.4603 12.996
7019.5416 13.010
7021.6230 13.016
7023.7044 13.006
7025.7857 12.991
7027.8671 12.978
7029.9484 12.970
7032.0298 12.968
7034.1112 12.977
7036.1925 12.975
7038.2739 12.965
7040.3553 12.954
7042.4366 12.951
7044.5180 12.955
7046.5993 12.967
7048.6807 12.986
7050.7621 12.988
7052.8434 12.980
7054.9248 12.974
7057.0061 12.972
7059.0875 12.976
7061.1689 12.985
7063.2502 12.991
7065.3316 12.991
7067.4130 12.985
7069.4943 12.983
7071.5757 12.989
7073.6570 12.993
7075.7384 12.983
7077.8198 12.974
7079.9011 12.973
7081.9825 12.977
7084.0639 12.983
7086.1452 12.978
7088.2266 12.972
7090.3079 12.971
7092.3893 12.980
7094.4707 12.995
7096.5520 13.006
7098.6334 13.004
7100.7148 12.989
7102.7961 12.970
7104.8775 12.969
7106.9588 12.983
7109.0402 13.004
7111.1216 13.014
7113.2029 13.012
7115.2843 13.005
7117.3657 12.999
7119.4470 13.003
7121.5284 12.987
7123.6097 12.972
7125.6911 12.964
7127.7725 12.969
7129.8538 12.984
7131.9352 12.985
7134.0166 12.982
7136.0979 12.982
7138.1793 12.989
7140.2606 12.986
7142.3420 12.984
7144.4234 12.984
7146.5047 12.988
7148.5861 12.998
7150.6674 13.014
7152.7488 13.028
7154.8302 13.027
7156.9115 13.015
7158.9929 13.009
7161.0743 13.006
7163.1556 13.003
7165.2370 12.998
7167.3183 13.001
7169.3997 13.014
7171.4811 13.042
7173.5624 13.079
7175.6438 13.089
7177.7252 13.087
7179.8065 13.085
7181.8879 13.103
7183.9692 13.121
7186.0506 13.133
7188.1320 13.136
7190.2133 13.124
7192.2947 13.116
7194.3761 13.107
7196.4574 13.099
7198.5388 13.090
7200.6201 13.091
7202.7015 13.086
7204.7829 13.072
7206.8642 13.047
7208.9456 13.022
7211.0270 13.015
7213.1083 13.022
7215.1897 13.040
7217.2710 13.042
7219.3524 13.041
7221.4338 13.047
7223.5151 13.065
7225.5965 13.084
7227.6778 13.089
7229.7592 13.098
7231.8406 13.117
7233.9219 13.148
7236.0033 13.143
7238.0847 13.115
7240.1660 13.084
7242.2474 13.080
7244.3287 13.101
7246.4101 13.118
7248.4915 13.124
7250.5728 13.113
7252.6542 13.108
7254.7356 13.102
7256.8169 13.091
7258.8983 13.077
7260.9796 13.093
7263.0610 13.108
7265.1424 13.110
7267.2237 13.096
7269.3051 13.083
7271.3865 13.078
7273.4678 13.071
7275.5492 13.063
7277.6305 13.061
7279.7119 13.064
7281.7933 13.063
7283.8746 13.062
7285.9560 13.068
7288.0374 13.098
7290.1187 13.135
7292.2001 13.164
7294.2814 13.167
7296.3628 13.134
7298.4442 13.113
7300.5255 13.109
7302.6069 13.123
7304.6883 13.130
7306.7696 13.128
7308.8510 13.122
7310.9323 13.117
7313.0137 13.128
7315.0951 13.134
7317.1764 13.117
7319.2578 13.087
7321.3391 13.082
7323.4205 13.092
7325.5019 13.091
7327.5832 13.080
7329.6646 13.070
7331.7460 13.074
7333.8273 13.073
7335.9087 13.059
7337.9900 13.019
7340.0714 12.979
7342.1528 12.976
7344.2341 12.997
7346.3155 13.029
7348.3969 13.034
7350.4782 13.031
7352.5596 13.026
7354.6409 13.025
7356.7223 13.027
7358.8037 13.033
7360.8850 13.037
7362.9664 13.038
7365.0478 13.038
7367.1291 13.040
7369.2105 13.044
7371.2918 13.049
7373.3732 13.054
7375.4546 13.053
7377.5359 13.066
7379.6173 13.085
7381.6987 13.100
7383.7800 13.090
7385.8614 13.094
7387.9427 13.096
7390.0241 13.086
7392.1055 13.075
7394.1868 13.086
7396.2682 13.097
7398.3496 13.095
7400.4309 13.070
7402.5123 13.033
7404.5936 13.001
7406.6750 12.987
7408.7564 13.012
7410.8377 13.057
7412.9191 13.092
7415.0004 13.109
7417.0818 13.100
7419.1632 13.098
7421.2445 13.098
7423.3259 13.098
7425.4073 13.100
7427.4886 13.100
7429.5700 13.086
7431.6513 13.061
7433.7327 13.038
7435.8141 13.069
7437.8954 13.106
7439.9768 13.106
7442.0582 13.063
7444.1395 13.019
7446.2209 13.018
7448.3022 13.043
7450.3836 13.082
7452.4650 13.113
7454.5463 13.125
7456.6277 13.134
7458.7091 13.139
7460.7904 13.141
7462.8718 13.131
7464.9531 13.113
7467.0345 13.098
7469.1159 13.091
7471.1972 13.092
7473.2786 13.084
7475.3600 13.068
7477.4413 13.046
7479.5227 13.030
7481.6040 13.042
7483.6854 13.052
7485.7668 13.051
7487.8481 13.031
7489.9295 13.051
7492.0108 13.091
7494.0922 13.136
7496.1736 13.158
7498.2549 13.152
7500.3363 13.138
7502.4177 13.126
7504.4990 13.124
7506.5804 13.128
7508.6617 13.122
7510.7431 13.107
7512.8245 13.082
7514.9058 13.069
7516.9872 13.058
7519.0686 13.044
7521.1499 13.026
7523.2313 13.021
7525.3126 13.038
7527.3940 13.066
7529.4754 13.093
7531.5567 13.101
7533.6381 13.102
7535.7195 13.109
7537.8008 13.116
7539.8822 13.100
7541.9635 13.087
7544.0449 13.096
7546.1263 13.122
7548.2076 13.153
7550.2890 13.152
7552.3704 13.126
7554.4517 13.097
7556.5331 13.083
7558.6144 13.076
7560.6958 13.062
7562.7772 13.054
7564.8585 13.059
7566.9399 13.066
7569.0213 13.074
7571.1026 13.095
7573.1840 13.123
7575.2653 13.133
7577.3467 13.128
7579.4281 13.127
7581.5094 13.132
7583.5908 13.133
7585.6721 13.145
7587.7535 13.184
7589.8349 13.242
7591.9162 13.306
7593.9976 13.420
7596.0790 13.605
7598.1603 13.830
7600.2417 14.061
7602.3230 14.203
7604.4044 14.268
7606.4858 14.278
7608.5671 14.242
7610.6485 14.135
7612.7299 13.971
7614.8112 13.815
7616.8926 13.700
7618.9739 13.666
7621.0553 13.702
7623.1367 13.767
7625.2180 13.839
7627.2994 13.884
7629.3808 13.851
7631.4621 13.800
7633.5435 13.756
7635.6248 13.743
7637.7062 13.719
7639.7876 13.689
7641.8689 13.656
7643.9503 13.619
7646.0317 13.555
7648.1130 13.515
7650.1944 13.502
7652.2757 13.510
7654.3571 13.493
7656.4385 13.454
7658.5198 13.420
7660.6012 13.390
7662.6825 13.338
7664.7639 13.299
7666.8453 13.281
7668.9266 13.277
7671.0080 13.276
7673.0894 13.221
7675.1707 13.171
7677.2521 13.151
7679.3334 13.188
7681.4148 13.200
7683.4962 13.193
7685.5775 13.184
7687.6589 13.183
7689.7403 13.183
7691.8216 13.172
7693.9030 13.158
7695.9843 13.146
7698.0657 13.139
7700.1471 13.145
7702.2284 13.150
7704.3098 13.149
7706.3912 13.140
7708.4725 13.111
7710.5539 13.100
7712.6352 13.112
7714.7166 13.151
7716.7980 13.208
7718.8793 13.224
7720.9607 13.212
7723.0421 13.191
7725.1234 13.206
7727.2048 13.199
7729.2861 13.176
7731.3675 13.142
7733.4489 13.131
7735.5302 13.117
7737.6116 13.115
7739.6930 13.132
7741.7743 13.169
7743.8557 13.181
7745.9370 13.173
7748.0184 13.155
7750.0998 13.150
7752.1811 13.170
7754.2625 13.182
7756.3438 13.171
7758.4252 13.120
7760.5066 13.131
7762.5879 13.174
7764.6693 13.220
7766.7507 13.240
7768.8320 13.206
7770.9134 13.177
7772.9947 13.150
7775.0761 13.123
7777.1575 13.135
7779.2388 13.126
7781.3202 13.097
7783.4016 13.061
7785.4829 13.089
7787.5643 13.096
7789.6456 13.087
7791.7270 13.074
7793.8084 13.097
7795.8897 13.160
7797.9711 13.210
7800.0525 13.248
7802.1338 13.292
7804.2152 13.261
7806.2965 13.216
7808.3779 13.169
7810.4593 13.128
7812.5406 13.106
7814.6220 13.136
7816.7034 13.164
7818.7847 13.149
7820.8661 13.071
7822.9474 13.016
7825.0288 13.022
7827.1102 13.080
7829.1915 13.061
7831.2729 13.045
7833.3542 13.057
7835.4356 13.086
7837.5170 13.086
7839.5983 13.064
7841.6797 13.050
7843.7611 13.043
7845.8424 13.038
7847.9238 13.046
7850.0051 13.074
7852.0865 13.122
7854.1679 13.193
7856.2492 13.252
7858.3306 13.235
7860.4120 13.199
7862.4933 13.187
7864.5747 13.228
7866.6560 13.201
7868.7374 13.136
7870.8188 13.063
7872.9001 13.060
7874.9815 13.115
7877.0629 13.155
7879.1442 13.162
7881.2256 13.136
7883.3069 13.128
7885.3883 13.103
7887.4697 13.079
7889.5510 13.088
7891.6324 13.167
7893.7138 13.218
7895.7951 13.242
7897.8765 13.243
7899.9578 13.225
7902.0392 13.207
7904.1206 13.195
7906.2019 13.199
7908.2833 13.263
7910.3647 13.340
7912.4460 13.382
7914.5274 13.371
7916.6087 13.308
7918.6901 13.293
7920.7715 13.296
7922.8528 13.307
7924.9342 13.321
7927.0155 13.310
7929.0969 13.272
7931.1783 13.218
7933.2596 13.168
7935.3410 13.174
7937.4224 13.175
7939.5037 13.160
7941.5851 13.123
7943.6664 13.113
7945.7478 13.164
7947.8292 13.237
7949.9105 13.302
7951.9919 13.307
7954.0733 13.278
7956.1546 13.244
7958.2360 13.216
7960.3173 13.205
7962.3987 13.179
7964.4801 13.152
7966.5614 13.131
7968.6428 13.118
7970.7242 13.097
7972.8055 13.103
7974.8869 13.138
7976.9682 13.203
7979.0496 13.186
7981.1310 13.175
7983.2123 13.165
7985.2937 13.152
7987.3751 13.182
7989.4564 13.237
7991.5378 13.304
7993.6191 13.361
7995.7005 13.330
7997.7819 13.259
7999.8632 13.193
8001.9446 13.146
8004.0260 13.117
8006.1073 13.128
8008.1887 13.160
8010.2700 13.198
8012.3514 13.217
8014.4328 13.226
8016.5141 13.219
8018.5955 13.208
8020.6768 13.209
8022.7582 13.214
8024.8396 13.187
8026.9209 13.139
8029.0023 13.085
8031.0837 13.095
8033.1650 13.155
8035.2464 13.226
8037.3277 13.279
8039.4091 13.260
8041.4905 13.217
8043.5718 13.196
8045.6532 13.215
8047.7346 13.282
8049.8159 13.318
8051.8973 13.324
8053.9786 13.315
8056.0600 13.325
8058.1414 13.375
8060.2227 13.388
8062.3041 13.371
8064.3855 13.344
8066.4668 13.348
8068.5482 13.331
8070.6295 13.308
8072.7109 13.290
8074.7923 13.280
8076.8736 13.256
8078.9550 13.226
8081.0364 13.198
8083.1177 13.219
8085.1991 13.252
8087.2804 13.267
8089.3618 13.260
8091.4432 13.255
8093.5245 13.244
8095.6059 13.240
8097.6872 13.237
8099.7686 13.213
8101.8500 13.227
8103.9313 13.225
8106.0127 13.217
8108.0941 13.218
8110.1754 13.270
8112.2568 13.297
8114.3381 13.298
8116.4195 13.273
8118.5009 13.213
8120.5822 13.168
8122.6636 13.156
8124.7450 13.178
8126.8263 13.175
8128.9077 13.145
8130.9890 13.159
8133.0704 13.235
8135.1518 13.346
8137.2331 13.416
8139.3145 13.446
8141.3959 13.448
8143.4772 13.445
8145.5586 13.396
8147.6399 13.341
8149.7213 13.295
8151.8027 13.273
8153.8840 13.322
8155.9654 13.385
8158.0468 13.421
8160.1281 13.404
8162.2095 13.404
8164.2908 13.387
8166.3722 13.336
8168.4536 13.252
8170.5349 13.194
8172.6163 13.227
8174.6977 13.302
8176.7790 13.391
8178.8604 13.444
8180.9417 13.397
8183.0231 13.353
8185.1045 13.335
8187.1858 13.357
8189.2672 13.399
8191.3485 13.443
8193.4299 13.484
8195.5113 13.518
8197.5926 13.420
8199.6740 13.333
8201.7554 13.296
8203.8367 13.337
8205.9181 13.379
8207.9994 13.375
8210.0808 13.354
8212.1622 13.341
8214.2435 13.404
8216.3249 13.442
8218.4063 13.419
8220.4876 13.347
8222.5690 13.296
8224.6503 13.271
8226.7317 13.279
8228.8131 13.320
8230.8944 13.389
8232.9758 13.418
8235.0572 13.442
8237.1385 13.464
8239.2199 13.480
8241.3012 13.437
8243.3826 13.396
8245.4640 13.362
8247.5453 13.345
8249.6267 13.389
8251.7081 13.407
8253.7894 13.393
8255.8708 13.362
8257.9521 13.433
8260.0335 13.436
8262.1149 13.432
8264.1962 13.449
8266.2776 13.520
8268.3589 13.500
8270.4403 13.475
8272.5217 13.506
8274.6030 13.678
8276.6844 13.800
8278.7658 13.804
8280.8471 13.743
8282.9285 13.685
8285.0098 13.675
8287.0912 13.599
8289.1726 13.474
8291.2539 13.329
8293.3353 13.388
8295.4167 13.513
8297.4980 13.578
8299.5794 13.536
8301.6607 13.441
8303.7421 13.343
8305.8235 13.250
8307.9048 13.159
8309.9862 13.053
8312.0676 12.970
8314.1489 12.970
8316.2303 13.049
8318.3116 13.182
8320.3930 13.314
8322.4744 13.413
8324.5557 13.461
8326.6371 13.440
8328.7185 13.450
8330.7998 13.454
8332.8812 13.424
8334.9625 13.353
8337.0439 13.363
8339.1253 13.396
8341.2066 13.431
8343.2880 13.462
8345.3694 13.506
8347.4507 13.493
8349.5321 13.448
8351.6134 13.394
8353.6948 13.368
8355.7762 13.373
8357.8575 13.397
8359.9389 13.450
8362.0202 13.549
8364.1016 13.689
8366.1830 13.677
8368.2643 13.598
8370.3457 13.556
8372.4271 13.607
8374.5084 13.579
8376.5898 13.468
8378.6711 13.288
8380.7525 13.191
8382.8339 13.114
8384.9152 13.114
