2703.8501  0.000
2705.4914  0.000
2707.1327  0.000
2708.7740  0.000
2710.4153  0.000
2712.0566  0.000
2713.6979  0.000
2715.3392  0.000
2716.9805  0.000
2718.6218  0.000
2720.2631  0.000
2721.9044  0.000
2723.5457  0.000
2725.1870  0.000
2726.8283  0.000
2728.4696  0.000
2730.1109  0.000
2731.7522  0.000
2733.3935  0.000
2735.0348  0.000
2736.6761  0.000
2738.3174  0.000
2739.9587  0.000
2741.6000  0.000
2743.2413  0.000
2744.8826  0.000
2746.5239  0.000
2748.1652  0.000
2749.8065  0.000
2751.4478  0.000
2753.0891  0.000
2754.7304  0.000
2756.3717  0.000
2758.0130  0.000
2759.6543  0.000
2761.2956  0.000
2762.9369  0.000
2764.5782  0.000
2766.2195  0.000
2767.8608  0.000
2769.5021  0.000
2771.1434  0.000
2772.7847  0.000
2774.4260  0.000
2776.0673  0.000
2777.7086  0.000
2779.3499  0.000
2780.9912  0.000
2782.6325  0.000
2784.2738  0.000
2785.9151  0.000
2787.5564  0.000
2789.1977  0.000
2790.8390  0.000
2792.4803  0.000
2794.1216  0.000
2795.7629  0.000
2797.4042  0.000
2799.0455  0.000
2800.6868  0.000
2802.3281  0.000
2803.9694  0.000
2805.6107  0.000
2807.2520  0.000
2808.8933  0.000
2810.5346  0.000
2812.1759  0.000
2813.8172  0.000
2815.4585  0.000
2817.0998  0.000
2818.7411  0.000
2820.3824  0.000
2822.0237  0.000
2823.6650  0.000
2825.3063  0.000
2826.9476  0.000
2828.5889  0.000
2830.2302  0.000
2831.8715  0.000
2833.5128  0.000
2835.1541  0.000
2836.7954  0.000
2838.4367  0.000
2840.0780  0.000
2841.7193  0.000
2843.3606  0.000
2845.0019  0.000
2846.6432  0.000
2848.2845  0.000
2849.9258  0.000
2851.5671  0.000
2853.2084  0.000
2854.8497  0.000
2856.4910  0.000
2858.1323  0.000
2859.7736  0.000
2861.4149  0.000
2863.0562  0.000
2864.6975  0.000
2866.3388  0.000
2867.9801  0.000
2869.6214  0.000
2871.2627  0.000
2872.9040  0.000
2874.5453  0.000
2876.1866  0.000
2877.8279  0.000
2879.4692  0.000
2881.1105  0.000
2882.7518  0.000
2884.3931  0.000
2886.0344  0.000
2887.6757  0.000
2889.3170  0.000
2890.9583  0.000
2892.5996  0.000
2894.2409  0.000
2895.8822  0.000
2897.5235  0.000
2899.1648  0.000
2900.8061  0.000
2902.4474  0.000
2904.0887  0.000
2905.7300  0.000
2907.3713  0.000
2909.0126  0.000
2910.6539  0.000
2912.2952  0.000
2913.9365  0.000
2915.5778  0.000
2917.2191  0.000
2918.8604  0.000
2920.5017  0.000
2922.1430  0.000
2923.7843  0.000
2925.4256  0.000
2927.0669  0.000
2928.7082  0.000
2930.3495  0.000
2931.9908  0.000
2933.6321  0.000
2935.2734  0.000
2936.9147  0.000
2938.5560  0.000
2940.1973  0.000
2941.8386  0.000
2943.4799  0.000
2945.1212  0.000
2946.7625  0.000
2948.4038  0.000
2950.0451  0.000
2951.6864  0.000
2953.3277  0.000
2954.9690  0.000
2956.6103  0.000
2958.2516  0.000
2959.8929  0.000
2961.5342  0.000
2963.1755  0.000
2964.8168  0.000
2966.4581  0.000
2968.0994  0.000
2969.7407  0.000
2971.3820  0.000
2973.0233  0.000
2974.6646  0.000
2976.3059  0.000
2977.9472  0.000
2979.5885  0.000
2981.2298  0.000
2982.8711  0.000
2984.5124  0.000
2986.1537  0.000
2987.7950  0.000
2989.4363  0.000
2991.0776  0.000
2992.7189  0.000
2994.3602  0.000
2996.0015  0.000
2997.6428  0.000
2999.2841  0.000
3000.9254  0.000
3002.5667  0.000
3004.2080  0.000
3005.8493  0.000
3007.4906  0.000
3009.1319  0.000
3010.7732  0.000
3012.4145  0.000
3014.0558  0.000
3015.6971  0.000
3017.3384  0.000
3018.9797  0.000
3020.6210  0.000
3022.2623  0.000
3023.9036  0.000
3025.5449  0.000
3027.1862  0.000
3028.8275  0.000
3030.4688  0.000
3032.1101  0.000
3033.7514  0.000
3035.3927  0.000
3037.0340  0.000
3038.6753  0.000
3040.3166  0.000
3041.9579  0.000
3043.5992  0.000
3045.2405  0.000
3046.8818  0.000
3048.5231  0.000
3050.1644  0.000
3051.8057  0.000
3053.4470  0.000
3055.0883  0.000
3056.7296  0.000
3058.3709  0.000
3060.0122  0.000
3061.6535  0.000
3063.2948  0.000
3064.9361  0.000
3066.5774  0.000
3068.2187  0.000
3069.8600  0.000
3071.5013  0.000
3073.1426  0.000
3074.7839  0.000
3076.4252  0.000
3078.0665  0.000
3079.7078  0.000
3081.3491  0.000
3082.9904  0.000
3084.6317  0.000
3086.2730  0.000
3087.9143  0.000
3089.5556  0.000
3091.1969  0.000
3092.8382  0.000
3094.4795  0.000
3096.1208  0.000
3097.7621  0.000
3099.4034  0.000
3101.0447  0.000
3102.6860  0.000
3104.3273  0.000
3105.9686  0.000
3107.6099  0.000
3109.2512  0.000
3110.8925  0.000
3112.5338 11.260
3114.1751 11.235
3115.8164 11.209
3117.4577 11.178
3119.0990 11.135
3120.7403 11.082
3122.3816 11.030
3124.0229 10.998
3125.6642 11.066
3127.3055 11.153
3128.9468 11.129
3130.5881 11.113
3132.2294 11.101
3133.8707 11.111
3135.5120 11.136
3137.1533 11.146
3138.7946 11.138
3140.4359 11.123
3142.0772 11.105
3143.7185 11.083
3145.3598 11.057
3147.0011 11.037
3148.6424 11.025
3150.2837 11.021
3151.9250 11.022
3153.5663 11.023
3155.2076 11.014
3156.8489 10.992
3158.4902 10.969
3160.1315 10.954
3161.7728 10.950
3163.4141 10.955
3165.0554 10.959
3166.6967 10.958
3168.3380 10.960
3169.9793 10.964
3171.6206 10.964
3173.2619 10.967
3174.9032 10.977
3176.5445 10.971
3178.1858 10.962
3179.8271 10.952
3181.4684 10.940
3183.1097 10.929
3184.7510 10.921
3186.3923 10.916
3188.0336 10.915
3189.6749 10.925
3191.3162 10.949
3192.9575 10.978
3194.5988 11.002
3196.2401 11.018
3197.8814 11.027
3199.5227 11.036
3201.1640 11.034
3202.8053 11.020
3204.4466 10.999
3206.0879 10.975
3207.7292 10.952
3209.3705 10.930
3211.0118 10.914
3212.6531 10.908
3214.2944 10.905
3215.9357 10.905
3217.5770 10.908
3219.2183 10.913
3220.8596 10.915
3222.5009 10.914
3224.1422 10.907
3225.7835 10.897
3227.4248 10.887
3229.0661 10.879
3230.7074 10.876
3232.3487 10.873
3233.9900 10.872
3235.6313 10.872
3237.2726 10.866
3238.9139 10.861
3240.5552 10.854
3242.1965 10.851
3243.8378 10.851
3245.4791 10.852
3247.1204 10.858
3248.7617 10.863
3250.4030 10.865
3252.0443 10.865
3253.6856 10.865
3255.3269 10.867
3256.9682 10.869
3258.6095 10.873
3260.2508 10.877
3261.8921 10.873
3263.5334 10.862
3265.1747 10.852
3266.8160 10.846
3268.4573 10.844
3270.0986 10.845
3271.7399 10.853
3273.3812 10.860
3275.0225 10.862
3276.6638 10.868
3278.3051 10.875
3279.9464 10.880
3281.5877 10.878
3283.2290 10.870
3284.8703 10.866
3286.5116 10.860
3288.1529 10.856
3289.7942 10.856
3291.4355 10.858
3293.0768 10.859
3294.7181 10.859
3296.3594 10.856
3298.0007 10.851
3299.6420 10.848
3301.2833 10.842
3302.9246 10.840
3304.5659 10.842
3306.2072 10.844
3307.8485 10.846
3309.4898 10.854
3311.1311 10.861
3312.7724 10.865
3314.4137 10.865
3316.0550 10.860
3317.6963 10.855
3319.3376 10.857
3320.9789 10.866
3322.6202 10.877
3324.2615 10.886
3325.9028 10.887
3327.5441 10.886
3329.1854 10.887
3330.8267 10.891
3332.4680 10.898
3334.1093 10.902
3335.7506 10.909
3337.3919 10.917
3339.0332 10.921
3340.6745 10.924
3342.3158 10.927
3343.9571 10.930
3345.5984 10.932
3347.2397 10.928
3348.8810 10.924
3350.5223 10.917
3352.1636 10.905
3353.8049 10.895
3355.4462 10.887
3357.0875 10.881
3358.7288 10.877
3360.3701 10.878
3362.0114 10.885
3363.6527 10.891
3365.2940 10.896
3366.9353 10.900
3368.5766 10.902
3370.2179 10.902
3371.8592 10.905
3373.5005 10.911
3375.1418 10.916
3376.7831 10.915
3378.4244 10.908
3380.0657 10.899
3381.7070 10.892
3383.3483 10.890
3384.9896 10.890
3386.6309 10.890
3388.2722 10.893
3389.9135 10.899
3391.5548 10.904
3393.1961 10.906
3394.8374 10.903
3396.4787 10.899
3398.1200 10.896
3399.7613 10.898
3401.4026 10.903
3403.0439 10.909
3404.6852 10.907
3406.3265 10.898
3407.9678 10.889
3409.6091 10.888
3411.2504 10.887
3412.8917 10.893
3414.5330 10.903
3416.1743 10.905
3417.8156 10.902
3419.4569 10.895
3421.0982 10.887
3422.7395 10.882
3424.3808 10.885
3426.0221 10.897
3427.6634 10.907
3429.3047 10.910
3430.9460 10.910
3432.5873 10.916
3434.2286 10.924
3435.8699 10.929
3437.5112 10.930
3439.1525 10.930
3440.7938 10.932
3442.4351 10.933
3444.0764 10.937
3445.7177 10.944
3447.3590 10.950
3449.0003 10.951
3450.6416 10.954
3452.2829 10.952
3453.9242 10.942
3455.5655 10.931
3457.2068 10.922
3458.8481 10.927
3460.4894 10.939
3462.1307 10.947
3463.7720 10.952
3465.4133 10.958
3467.0546 10.959
3468.6959 10.959
3470.3372 10.962
3471.9785 10.961
3473.6198 10.961
3475.2611 10.966
3476.9024 10.975
3478.5437 10.980
3480.1850 10.971
3481.8263 10.961
3483.4676 10.954
3485.1089 10.951
3486.7502 10.949
3488.3915 10.950
3490.0328 10.953
3491.6741 10.953
3493.3154 10.951
3494.9567 10.949
3496.5980 10.951
3498.2393 10.956
3499.8806 10.960
3501.5219 10.963
3503.1632 10.964
3504.8045 10.958
3506.4458 10.952
3508.0871 10.953
3509.7284 10.957
3511.3697 10.963
3513.0110 10.961
3514.6523 10.954
3516.2936 10.950
3517.9349 10.945
3519.5762 10.938
3521.2175 10.937
3522.8588 10.940
3524.5001 10.943
3526.1414 10.945
3527.7827 10.951
3529.4240 10.954
3531.0653 10.950
3532.7066 10.946
3534.3479 10.944
3535.9892 10.943
3537.6305 10.942
3539.2718 10.941
3540.9131 10.940
3542.5544 10.935
3544.1957 10.940
3545.8370 10.943
3547.4783 10.948
3549.1196 10.952
3550.7609 10.958
3552.4022 10.960
3554.0435 10.962
3555.6848 10.960
3557.3261 10.957
3558.9674 10.953
3560.6087 10.946
3562.2500 10.938
3563.8913 10.931
3565.5326 10.933
3567.1739 10.936
3568.8152 10.940
3570.4565 10.938
3572.0978 10.937
3573.7391 10.941
3575.3804 10.945
3577.0217 10.953
3578.6630 10.964
3580.3043 10.977
3581.9456 10.987
3583.5869 10.992
3585.2282 10.997
3586.8695 11.002
3588.5108 11.003
3590.1521 11.000
3591.7934 10.990
3593.4347 10.985
3595.0760 10.979
3596.7173 10.975
3598.3586 10.971
3599.9999 10.965
3601.6412 10.960
3603.2825 10.957
3604.9238 10.953
3606.5651 10.953
3608.2064 10.961
3609.8477 10.969
3611.4890 10.984
3613.1303 10.991
3614.7716 10.990
3616.4129 10.984
3618.0542 10.980
3619.6955 10.974
3621.3368 10.972
3622.9781 10.979
3624.6194 10.989
3626.2607 11.000
3627.9020 11.016
3629.5433 11.033
3631.1846 11.046
3632.8259 11.056
3634.4672 11.054
3636.1085 11.048
3637.7498 11.036
3639.3911 11.026
3641.0324 11.012
3642.6737 10.998
3644.3150 10.987
3645.9563 10.980
3647.5976 10.978
3649.2389 10.975
3650.8802 10.973
3652.5215 10.972
3654.1628 10.965
3655.8041 10.959
3657.4454 10.958
3659.0867 10.957
3660.7280 10.954
3662.3693 10.945
3664.0106 10.947
3665.6519 10.945
3667.2932 10.942
3668.9345 10.946
3670.5758 10.954
3672.2171 10.963
3673.8584 10.965
3675.4997 10.964
3677.1410 10.963
3678.7823 10.966
3680.4236 10.965
3682.0649 10.967
3683.7062 10.977
3685.3475 10.982
3686.9888 10.980
3688.6301 10.984
3690.2714 10.984
3691.9127 10.990
3693.5540 11.006
3695.1953 11.026
3696.8366 11.042
3698.4779 11.061
3700.1192 11.090
3701.7605 11.112
3703.4018 11.124
3705.0431 11.121
3706.6844 11.110
3708.3257 11.093
3709.9670 11.077
3711.6083 11.059
3713.2496 11.043
3714.8909 11.030
3716.5322 11.021
3718.1735 11.012
3719.8148 11.008
3721.4561 11.008
3723.0974 11.010
3724.7387 11.017
3726.3800 11.010
3728.0213 11.007
3729.6626 11.004
3731.3039 11.007
3732.9452 11.009
3734.5865 11.013
3736.2278 11.008
3737.8691 11.003
3739.5104 11.007
3741.1517 11.009
3742.7930 11.012
3744.4343 11.020
3746.0756 11.018
3747.7169 11.021
3749.3582 11.023
3750.9995 11.018
3752.6408 11.016
3754.2821 11.018
3755.9234 11.025
3757.5647 11.026
3759.2060 11.025
3760.8473 11.028
3762.4886 11.029
3764.1299 11.037
3765.7712 11.040
3767.4125 11.042
3769.0538 11.044
3770.6951 11.046
3772.3364 11.044
3773.9777 11.042
3775.6190 11.037
3777.2603 11.034
3778.9016 11.032
3780.5429 11.033
3782.1842 11.036
3783.8255 11.034
3785.4668 11.035
3787.1081 11.031
3788.7494 11.040
3790.3907 11.054
3792.0320 11.061
3793.6733 11.069
3795.3146 11.076
3796.9559 11.076
3798.5972 11.074
3800.2385 11.076
3801.8798 11.078
3803.5211 11.081
3805.1624 11.080
3806.8037 11.083
3808.4450 11.091
3810.0863 11.105
3811.7276 11.120
3813.3689 11.148
3815.0102 11.184
3816.6515 11.216
3818.2928 11.239
3819.9341 11.242
3821.5754 11.228
3823.2167 11.201
3824.8580 11.174
3826.4993 11.152
3828.1406 11.140
3829.7819 11.135
3831.4232 11.137
3833.0645 11.134
3834.7058 11.137
3836.3471 11.128
3837.9884 11.114
3839.6297 11.100
3841.2710 11.090
3842.9123 11.087
3844.5536 11.076
3846.1949 11.069
3847.8362 11.063
3849.4775 11.064
3851.1188 11.064
3852.7601 11.063
3854.4014 11.058
3856.0427 11.061
3857.6840 11.059
3859.3253 11.053
3860.9666 11.065
3862.6079 11.069
3864.2492 11.076
3865.8905 11.087
3867.5318 11.091
3869.1731 11.092
3870.8144 11.090
3872.4557 11.083
3874.0970 11.080
3875.7383 11.087
3877.3796 11.097
3879.0209 11.111
3880.6622 11.126
3882.3035 11.147
3883.9448 11.166
3885.5861 11.189
3887.2274 11.208
3888.8687 11.214
3890.5100 11.209
3892.1513 11.199
3893.7926 11.180
3895.4339 11.156
3897.0752 11.135
3898.7165 11.118
3900.3578 11.102
3901.9991 11.090
3903.6404 11.086
3905.2817 11.078
3906.9230 11.070
3908.5643 11.067
3910.2056 11.067
3911.8469 11.067
3913.4882 11.069
3915.1295 11.073
3916.7708 11.082
3918.4121 11.085
3920.0534 11.089
3921.6947 11.098
3923.3360 11.103
3924.9773 11.107
3926.6186 11.109
3928.2599 11.109
3929.9012 11.110
3931.5425 11.112
3933.1838 11.112
3934.8251 11.111
3936.4664 11.106
3938.1077 11.099
3939.7490 11.101
3941.3903 11.101
3943.0316 11.098
3944.6729 11.095
3946.3142 11.092
3947.9555 11.091
3949.5968 11.096
3951.2381 11.106
3952.8794 11.116
3954.5207 11.128
3956.1620 11.142
3957.8033 11.157
3959.4446 11.175
3961.0859 11.199
3962.7272 11.222
3964.3685 11.249
3966.0098 11.274
3967.6511 11.291
3969.2924 11.295
3970.9337 11.290
3972.5750 11.269
3974.2163 11.238
3975.8576 11.210
3977.4989 11.182
3979.1402 11.157
3980.7815 11.141
3982.4228 11.133
3984.0641 11.124
3985.7054 11.114
3987.3467 11.114
3988.9880 11.114
3990.6293 11.116
3992.2706 11.119
3993.9119 11.122
3995.5532 11.122
3997.1945 11.126
3998.8358 11.133
4000.4771 11.140
4002.1184 11.148
4003.7597 11.154
4005.4010 11.161
4007.0423 11.164
4008.6836 11.165
4010.3249 11.168
4011.9662 11.171
4013.6075 11.175
4015.2488 11.188
4016.8901 11.205
4018.5314 11.227
4020.1727 11.257
4021.8140 11.295
4023.4553 11.336
4025.0966 11.360
4026.7379 11.362
4028.3792 11.339
4030.0205 11.298
4031.6618 11.255
4033.3031 11.222
4034.9444 11.193
4036.5857 11.173
4038.2270 11.159
4039.8683 11.152
4041.5096 11.150
4043.1509 11.148
4044.7922 11.140
4046.4335 11.133
4048.0748 11.126
4049.7161 11.122
4051.3574 11.116
4052.9987 11.117
4054.6400 11.115
4056.2813 11.110
4057.9226 11.109
4059.5639 11.111
4061.2052 11.108
4062.8465 11.113
4064.4878 11.114
4066.1291 11.113
4067.7704 11.118
4069.4117 11.127
4071.0530 11.131
4072.6943 11.131
4074.3356 11.134
4075.9769 11.136
4077.6182 11.142
4079.2595 11.150
4080.9008 11.153
4082.5421 11.160
4084.1834 11.172
4085.8247 11.181
4087.4660 11.195
4089.1073 11.215
4090.7486 11.233
4092.3899 11.257
4094.0312 11.285
4095.6725 11.322
4097.3138 11.362
4098.9551 11.392
4100.5964 11.408
4102.2377 11.408
4103.8790 11.393
4105.5203 11.360
4107.1616 11.319
4108.8029 11.286
4110.4442 11.261
4112.0855 11.242
4113.7268 11.232
4115.3681 11.227
4117.0094 11.230
4118.6507 11.240
4120.2920 11.239
4121.9333 11.229
4123.5746 11.211
4125.2159 11.200
4126.8572 11.194
4128.4985 11.185
4130.1398 11.187
4131.7811 11.196
4133.4224 11.201
4135.0637 11.209
4136.7050 11.221
4138.3463 11.237
4139.9876 11.256
4141.6289 11.268
4143.2702 11.275
4144.9115 11.272
4146.5528 11.255
4148.1941 11.234
4149.8354 11.213
4151.4767 11.197
4153.1180 11.185
4154.7593 11.176
4156.4006 11.171
4158.0419 11.174
4159.6832 11.174
4161.3245 11.174
4162.9658 11.175
4164.6071 11.176
4166.2484 11.178
4167.8897 11.183
4169.5310 11.190
4171.1723 11.195
4172.8136 11.199
4174.4549 11.201
4176.0962 11.201
4177.7375 11.190
4179.3788 11.189
4181.0201 11.188
4182.6614 11.187
4184.3027 11.189
4185.9440 11.193
4187.5853 11.196
4189.2266 11.201
4190.8679 11.209
4192.5092 11.214
4194.1505 11.223
4195.7918 11.229
4197.4331 11.228
4199.0744 11.230
4200.7157 11.233
4202.3570 11.235
4203.9983 11.236
4205.6396 11.231
4207.2809 11.228
4208.9222 11.227
4210.5635 11.228
4212.2048 11.221
4213.8461 11.211
4215.4874 11.210
4217.1287 11.207
4218.7700 11.202
4220.4113 11.200
4222.0526 11.198
4223.6939 11.199
4225.3352 11.203
4226.9765 11.206
4228.6178 11.205
4230.2591 11.202
4231.9004 11.205
4233.5417 11.209
4235.1830 11.215
4236.8243 11.221
4238.4656 11.224
4240.1069 11.225
4241.7482 11.223
4243.3895 11.221
4245.0308 11.215
4246.6721 11.211
4248.3134 11.207
4249.9547 11.205
4251.5960 11.204
4253.2373 11.208
4254.8786 11.213
4256.5199 11.213
4258.1612 11.212
4259.8025 11.210
4261.4438 11.209
4263.0851 11.208
4264.7264 11.209
4266.3677 11.207
4268.0090 11.202
4269.6503 11.201
4271.2916 11.204
4272.9329 11.206
4274.5742 11.204
4276.2155 11.207
4277.8568 11.210
4279.4981 11.215
4281.1394 11.222
4282.7807 11.230
4284.4220 11.236
4286.0633 11.243
4287.7046 11.246
4289.3459 11.244
4290.9872 11.241
4292.6285 11.239
4294.2698 11.240
4295.9111 11.234
4297.5524 11.232
4299.1937 11.237
4300.8350 11.240
4302.4763 11.249
4304.1176 11.254
4305.7589 11.254
4307.4002 11.253
4309.0415 11.250
4310.6828 11.251
4312.3241 11.257
4313.9654 11.258
4315.6067 11.262
4317.2480 11.270
4318.8893 11.275
4320.5306 11.285
4322.1719 11.297
4323.8132 11.307
4325.4545 11.322
4327.0958 11.337
4328.7371 11.357
4330.3784 11.378
4332.0197 11.405
4333.6610 11.440
4335.3023 11.478
4336.9436 11.516
4338.5849 11.542
4340.2262 11.547
4341.8675 11.533
4343.5088 11.507
4345.1501 11.469
4346.7914 11.430
4348.4327 11.401
4350.0740 11.376
4351.7153 11.351
4353.3566 11.332
4354.9979 11.318
4356.6392 11.308
4358.2805 11.302
4359.9218 11.296
4361.5631 11.290
4363.2044 11.290
4364.8457 11.284
4366.4870 11.291
4368.1283 11.297
4369.7696 11.301
4371.4109 11.303
4373.0522 11.304
4374.6935 11.309
4376.3348 11.320
4377.9761 11.333
4379.6174 11.347
4381.2587 11.363
4382.9000 11.383
4384.5413 11.399
4386.1826 11.403
4387.8239 11.399
4389.4652 11.389
4391.1065 11.374
4392.7478 11.351
4394.3891 11.330
4396.0304 11.320
4397.6717 11.312
4399.3130 11.305
4400.9543 11.298
4402.5956 11.294
4404.2369 11.292
4405.8782 11.289
4407.5195 11.285
4409.1608 11.281
4410.8021 11.278
4412.4434 11.277
4414.0847 11.279
4415.7260 11.280
4417.3673 11.282
4419.0086 11.283
4420.6499 11.282
4422.2912 11.282
4423.9325 11.284
4425.5738 11.287
4427.2151 11.297
4428.8564 11.306
4430.4977 11.308
4432.1390 11.307
4433.7803 11.308
4435.4216 11.308
4437.0629 11.307
4438.7042 11.308
4440.3455 11.311
4441.9868 11.316
4443.6281 11.316
4445.2694 11.312
4446.9107 11.308
4448.5520 11.311
4450.1933 11.317
4451.8346 11.321
4453.4759 11.326
4455.1172 11.333
4456.7585 11.340
4458.3998 11.349
4460.0411 11.361
4461.6824 11.379
4463.3237 11.404
4464.9650 11.443
4466.6063 11.488
4468.2476 11.522
4469.8889 11.545
4471.5302 11.552
4473.1715 11.540
4474.8128 11.517
4476.4541 11.489
4478.0954 11.461
4479.7367 11.435
4481.3780 11.413
4483.0193 11.395
4484.6606 11.378
4486.3019 11.362
4487.9432 11.348
4489.5845 11.340
4491.2258 11.333
4492.8671 11.330
4494.5084 11.325
4496.1497 11.322
4497.7910 11.319
4499.4323 11.317
4501.0736 11.318
4502.7149 11.321
4504.3562 11.330
4505.9975 11.338
4507.6388 11.343
4509.2801 11.346
4510.9214 11.347
4512.5627 11.348
4514.2040 11.349
4515.8453 11.350
4517.4866 11.348
4519.1279 11.345
4520.7692 11.347
4522.4105 11.351
4524.0518 11.357
4525.6931 11.362
4527.3344 11.366
4528.9757 11.372
4530.6170 11.381
4532.2583 11.391
4533.8996 11.396
4535.5409 11.395
4537.1822 11.395
4538.8235 11.398
4540.4648 11.401
4542.1061 11.401
4543.7474 11.402
4545.3887 11.404
4547.0300 11.404
4548.6713 11.399
4550.3126 11.395
4551.9539 11.390
4553.5952 11.385
4555.2365 11.376
4556.8778 11.368
4558.5191 11.360
4560.1604 11.356
4561.8017 11.355
4563.4430 11.352
4565.0843 11.350
4566.7256 11.350
4568.3669 11.351
4570.0082 11.351
4571.6495 11.349
4573.2908 11.348
4574.9321 11.348
4576.5734 11.348
4578.2147 11.348
4579.8560 11.348
4581.4973 11.350
4583.1386 11.351
4584.7799 11.352
4586.4212 11.355
4588.0625 11.360
4589.7038 11.364
4591.3451 11.366
4592.9864 11.367
4594.6277 11.367
4596.2690 11.366
4597.9103 11.364
4599.5516 11.364
4601.1929 11.367
4602.8342 11.369
4604.4755 11.374
4606.1168 11.377
4607.7581 11.381
4609.3994 11.385
4611.0407 11.389
4612.6820 11.393
4614.3233 11.392
4615.9646 11.390
4617.6059 11.391
4619.2472 11.393
4620.8885 11.396
4622.5298 11.401
4624.1711 11.406
4625.8124 11.411
4627.4537 11.416
4629.0950 11.422
4630.7363 11.427
4632.3776 11.429
4634.0189 11.429
4635.6602 11.430
4637.3015 11.432
4638.9428 11.436
4640.5841 11.433
4642.2254 11.426
4643.8667 11.420
4645.5080 11.415
4647.1493 11.412
4648.7906 11.409
4650.4319 11.409
4652.0732 11.411
4653.7145 11.413
4655.3558 11.411
4656.9971 11.405
4658.6384 11.401
4660.2797 11.398
4661.9210 11.395
4663.5623 11.392
4665.2036 11.393
4666.8449 11.397
4668.4862 11.400
4670.1275 11.402
4671.7688 11.404
4673.4101 11.412
4675.0514 11.424
4676.6927 11.442
4678.3340 11.460
4679.9753 11.481
4681.6166 11.500
4683.2579 11.519
4684.8992 11.530
4686.5405 11.534
4688.1818 11.530
4689.8231 11.517
4691.4644 11.501
4693.1057 11.483
4694.7470 11.467
4696.3883 11.450
4698.0296 11.432
4699.6709 11.419
4701.3122 11.412
4702.9535 11.407
4704.5948 11.408
4706.2361 11.412
4707.8774 11.421
4709.5187 11.430
4711.1600 11.439
4712.8013 11.444
4714.4426 11.448
4716.0839 11.448
4717.7252 11.440
4719.3665 11.431
4721.0078 11.423
4722.6491 11.416
4724.2904 11.411
4725.9317 11.408
4727.5730 11.406
4729.2143 11.405
4730.8556 11.407
4732.4969 11.408
4734.1382 11.405
4735.7795 11.400
4737.4208 11.398
4739.0621 11.397
4740.7034 11.397
4742.3447 11.400
4743.9860 11.402
4745.6273 11.406
4747.2686 11.407
4748.9099 11.406
4750.5512 11.406
4752.1925 11.406
4753.8338 11.408
4755.4751 11.412
4757.1164 11.416
4758.7577 11.420
4760.3990 11.423
4762.0403 11.424
4763.6816 11.428
4765.3229 11.429
4766.9642 11.425
4768.6055 11.423
4770.2468 11.423
4771.8881 11.423
4773.5294 11.425
4775.1707 11.427
4776.8120 11.428
4778.4533 11.427
4780.0946 11.428
4781.7359 11.431
4783.3772 11.432
4785.0185 11.433
4786.6598 11.437
4788.3011 11.440
4789.9424 11.439
4791.5837 11.438
4793.2250 11.438
4794.8663 11.438
4796.5076 11.439
4798.1489 11.439
4799.7902 11.441
4801.4315 11.444
4803.0728 11.445
4804.7141 11.443
4806.3554 11.441
4807.9967 11.443
4809.6380 11.445
4811.2793 11.443
4812.9206 11.444
4814.5619 11.448
4816.2032 11.453
4817.8445 11.459
4819.4858 11.463
4821.1271 11.464
4822.7684 11.465
4824.4097 11.466
4826.0510 11.466
4827.6923 11.467
4829.3336 11.469
4830.9749 11.471
4832.6162 11.474
4834.2575 11.477
4835.8988 11.483
4837.5401 11.489
4839.1814 11.493
4840.8227 11.495
4842.4640 11.504
4844.1053 11.514
4845.7466 11.526
4847.3879 11.541
4849.0292 11.560
4850.6705 11.586
4852.3118 11.612
4853.9531 11.638
4855.5944 11.669
4857.2357 11.703
4858.8770 11.736
4860.5183 11.756
4862.1596 11.755
4863.8009 11.741
4865.4422 11.717
4867.0835 11.683
4868.7248 11.650
4870.3661 11.619
4872.0074 11.592
4873.6487 11.570
4875.2900 11.552
4876.9313 11.538
4878.5726 11.528
4880.2139 11.521
4881.8552 11.515
4883.4965 11.509
4885.1378 11.506
4886.7791 11.504
4888.4204 11.502
4890.0617 11.499
4891.7030 11.498
4893.3443 11.498
4894.9856 11.494
4896.6269 11.493
4898.2682 11.494
4899.9095 11.495
4901.5508 11.500
4903.1921 11.506
4904.8334 11.503
4906.4747 11.489
4908.1160 11.498
4909.7573 11.494
4911.3986 11.531
4913.0399 11.544
4914.6812 11.565
4916.3225 11.594
4917.9638 11.624
4919.6051 11.652
4921.2464 11.667
4922.8877 11.666
4924.5290 11.650
4926.1703 11.623
4927.8116 11.591
4929.4529 11.564
4931.0942 11.545
4932.7355 11.531
4934.3768 11.518
4936.0181 11.510
4937.6594 11.504
4939.3007 11.500
4940.9420 11.497
4942.5833 11.495
4944.2246 11.496
4945.8659 11.498
4947.5072 11.496
4949.1485 11.495
4950.7898 11.495
4952.4311 11.496
4954.0724 11.496
4955.7137 11.496
4957.3550 11.495
4958.9963 11.495
4960.6376 11.493
4962.2789 11.494
4963.9202 11.496
4965.5615 11.497
4967.2028 11.497
4968.8441 11.498
4970.4854 11.502
4972.1267 11.504
4973.7680 11.505
4975.4093 11.505
4977.0506 11.505
4978.6919 11.506
4980.3332 11.507
4981.9745 11.509
4983.6158 11.513
4985.2571 11.517
4986.8984 11.521
4988.5397 11.524
4990.1810 11.526
4991.8223 11.528
4993.4636 11.529
4995.1049 11.530
4996.7462 11.531
4998.3875 11.534
5000.0288 11.538
5001.6701 11.543
5003.3114 11.548
5004.9527 11.554
5006.5940 11.559
5008.2353 11.566
5009.8766 11.574
5011.5179 11.584
5013.1592 11.594
5014.8005 11.598
5016.4418 11.596
5018.0831 11.588
5019.7244 11.577
5021.3657 11.565
5023.0070 11.554
5024.6483 11.546
5026.2896 11.542
5027.9309 11.539
5029.5722 11.537
5031.2135 11.535
5032.8548 11.538
5034.4961 11.540
5036.1374 11.540
5037.7787 11.539
5039.4200 11.543
5041.0613 11.550
5042.7026 11.559
5044.3439 11.569
5045.9852 11.576
5047.6265 11.582
5049.2678 11.578
5050.9091 11.570
5052.5504 11.563
5054.1917 11.558
5055.8330 11.557
5057.4743 11.556
5059.1156 11.557
5060.7569 11.557
5062.3982 11.556
5064.0395 11.554
5065.6808 11.551
5067.3221 11.549
5068.9634 11.549
5070.6047 11.548
5072.2460 11.548
5073.8873 11.550
5075.5286 11.552
5077.1699 11.552
5078.8112 11.552
5080.4525 11.551
5082.0938 11.550
5083.7351 11.548
5085.3764 11.546
5087.0177 11.547
5088.6590 11.549
5090.3003 11.550
5091.9416 11.552
5093.5829 11.555
5095.2242 11.558
5096.8655 11.560
5098.5068 11.560
5100.1481 11.559
5101.7894 11.556
5103.4307 11.554
5105.0720 11.557
5106.7133 11.562
5108.3546 11.567
5109.9959 11.570
5111.6372 11.570
5113.2785 11.567
5114.9198 11.564
5116.5611 11.562
5118.2024 11.561
5119.8437 11.561
5121.4850 11.562
5123.1263 11.564
5124.7676 11.568
5126.4089 11.573
5128.0502 11.575
5129.6915 11.574
5131.3328 11.573
5132.9741 11.574
5134.6154 11.575
5136.2567 11.577
5137.8980 11.581
5139.5393 11.584
5141.1806 11.587
5142.8219 11.591
5144.4632 11.595
5146.1045 11.596
5147.7458 11.595
5149.3871 11.593
5151.0284 11.590
5152.6697 11.587
5154.3110 11.585
5155.9523 11.583
5157.5936 11.581
5159.2349 11.581
5160.8762 11.583
5162.5175 11.586
5164.1588 11.592
5165.8001 11.594
5167.4414 11.593
5169.0827 11.594
5170.7240 11.594
5172.3653 11.594
5174.0066 11.593
5175.6479 11.591
5177.2892 11.590
5178.9305 11.589
5180.5718 11.590
5182.2131 11.591
5183.8544 11.593
5185.4957 11.593
5187.1370 11.592
5188.7783 11.590
5190.4196 11.588
5192.0609 11.587
5193.7022 11.587
5195.3435 11.587
5196.9848 11.585
5198.6261 11.586
5200.2674 11.589
5201.9087 11.587
5203.5500 11.585
5205.1913 11.585
5206.8326 11.586
5208.4739 11.590
5210.1152 11.595
5211.7565 11.599
5213.3978 11.603
5215.0391 11.606
5216.6804 11.608
5218.3217 11.610
5219.9630 11.611
5221.6043 11.612
5223.2456 11.612
5224.8869 11.612
5226.5282 11.611
5228.1695 11.610
5229.8108 11.610
5231.4521 11.609
5233.0934 11.609
5234.7347 11.608
5236.3760 11.610
5238.0173 11.612
5239.6586 11.614
5241.2999 11.617
5242.9412 11.615
5244.5825 11.611
5246.2238 11.609
5247.8651 11.609
5249.5064 11.610
5251.1477 11.611
5252.7890 11.610
5254.4303 11.609
5256.0716 11.612
5257.7129 11.617
5259.3542 11.621
5260.9955 11.626
5262.6368 11.630
5264.2781 11.633
5265.9194 11.635
5267.5607 11.634
5269.2020 11.632
5270.8433 11.630
5272.4846 11.628
5274.1259 11.625
5275.7672 11.623
5277.4085 11.623
5279.0498 11.621
5280.6911 11.620
5282.3324 11.621
5283.9737 11.622
5285.6150 11.623
5287.2563 11.624
5288.8976 11.626
5290.5389 11.629
5292.1802 11.632
5293.8215 11.636
5295.4628 11.637
5297.1041 11.637
5298.7454 11.638
5300.3867 11.641
5302.0280 11.644
5303.6693 11.647
5305.3106 11.649
5306.9519 11.649
5308.5932 11.650
5310.2345 11.651
5311.8758 11.652
5313.5171 11.651
5315.1584 11.651
5316.7997 11.652
5318.4410 11.654
5320.0823 11.655
5321.7236 11.657
5323.3649 11.658
5325.0062 11.659
5326.6475 11.658
5328.2888 11.654
5329.9301 11.650
5331.5714 11.649
5333.2127 11.652
5334.8540 11.655
5336.4953 11.658
5338.1366 11.662
5339.7779 11.665
5341.4192 11.664
5343.0605 11.664
5344.7018 11.664
5346.3431 11.663
5347.9844 11.665
5349.6257 11.670
5351.2670 11.671
5352.9083 11.668
5354.5496 11.666
5356.1909 11.667
5357.8322 11.668
5359.4735 11.669
5361.1148 11.668
5362.7561 11.667
5364.3974 11.664
5366.0387 11.664
5367.6800 11.664
5369.3213 11.664
5370.9626 11.667
5372.6039 11.668
5374.2452 11.668
5375.8865 11.666
5377.5278 11.666
5379.1691 11.666
5380.8104 11.665
5382.4517 11.666
5384.0930 11.670
5385.7343 11.675
5387.3756 11.678
5389.0169 11.682
5390.6582 11.685
5392.2995 11.692
5393.9408 11.700
5395.5821 11.707
5397.2234 11.719
5398.8647 11.731
5400.5060 11.741
5402.1473 11.749
5403.7886 11.757
5405.4299 11.768
5407.0712 11.783
5408.7125 11.796
5410.3538 11.804
5411.9951 11.808
5413.6364 11.803
5415.2777 11.794
5416.9190 11.783
5418.5603 11.772
5420.2016 11.762
5421.8429 11.749
5423.4842 11.737
5425.1255 11.728
5426.7668 11.725
5428.4081 11.722
5430.0494 11.715
5431.6907 11.709
5433.3320 11.705
5434.9733 11.701
5436.6146 11.702
5438.2559 11.704
5439.8972 11.706
5441.5385 11.707
5443.1798 11.710
5444.8211 11.713
5446.4624 11.716
5448.1037 11.717
5449.7450 11.716
5451.3863 11.716
5453.0276 11.714
5454.6689 11.713
5456.3102 11.713
5457.9515 11.712
5459.5928 11.711
5461.2341 11.711
5462.8754 11.712
5464.5167 11.712
5466.1580 11.715
5467.7993 11.717
5469.4406 11.718
5471.0819 11.719
5472.7232 11.719
5474.3645 11.716
5476.0058 11.714
5477.6471 11.715
5479.2884 11.714
5480.9297 11.714
5482.5710 11.717
5484.2123 11.719
5485.8536 11.720
5487.4949 11.722
5489.1362 11.726
5490.7775 11.728
5492.4188 11.726
5494.0601 11.721
5495.7014 11.719
5497.3427 11.721
5498.9840 11.721
5500.6253 11.721
5502.2666 11.722
5503.9079 11.722
5505.5492 11.722
5507.1905 11.722
5508.8318 11.723
5510.4731 11.723
5512.1144 11.722
5513.7557 11.721
5515.3970 11.720
5517.0383 11.722
5518.6796 11.723
5520.3209 11.721
5521.9622 11.720
5523.6035 11.721
5525.2448 11.722
5526.8861 11.722
5528.5274 11.723
5530.1687 11.723
5531.8100 11.725
5533.4513 11.729
5535.0926 11.730
5536.7339 11.731
5538.3752 11.731
5540.0165 11.731
5541.6578 11.733
5543.2991 11.736
5544.9404 11.739
5546.5817 11.741
5548.2230 11.741
5549.8643 11.742
5551.5056 11.744
5553.1469 11.744
5554.7882 11.744
5556.4295 11.744
5558.0708 11.744
5559.7121 11.744
5561.3534 11.741
5562.9947 11.739
5564.6360 11.741
5566.2773 11.743
5567.9186 11.743
5569.5599 11.740
5571.2012 11.735
5572.8425 11.731
5574.4838 11.730
5576.1251 11.733
5577.7664 11.736
5579.4077 11.736
5581.0490 11.734
5582.6903 11.734
5584.3316 11.736
5585.9729 11.741
5587.6142 11.745
5589.2555 11.742
5590.8968 11.738
5592.5381 11.736
5594.1794 11.735
5595.8207 11.736
5597.4620 11.739
5599.1033 11.746
5600.7446 11.752
5602.3859 11.754
5604.0272 11.754
5605.6685 11.752
5607.3098 11.751
5608.9511 11.752
5610.5924 11.753
5612.2337 11.755
5613.8750 11.759
5615.5163 11.760
5617.1576 11.757
5618.7989 11.757
5620.4402 11.760
5622.0815 11.763
5623.7228 11.763
5625.3641 11.763
5627.0054 11.760
5628.6467 11.756
5630.2880 11.754
5631.9293 11.751
5633.5706 11.747
5635.2119 11.743
5636.8532 11.741
5638.4945 11.742
5640.1358 11.748
5641.7771 11.755
5643.4184 11.759
5645.0597 11.761
5646.7010 11.762
5648.3423 11.765
5649.9836 11.770
5651.6249 11.775
5653.2662 11.780
5654.9075 11.781
5656.5488 11.780
5658.1901 11.779
5659.8314 11.779
5661.4727 11.780
5663.1140 11.782
5664.7553 11.782
5666.3966 11.782
5668.0379 11.783
5669.6792 11.784
5671.3205 11.788
5672.9618 11.791
5674.6031 11.792
5676.2444 11.792
5677.8857 11.793
5679.5270 11.795
5681.1683 11.799
5682.8096 11.804
5684.4509 11.805
5686.0922 11.804
5687.7335 11.804
5689.3748 11.805
5691.0161 11.805
5692.6574 11.803
5694.2987 11.799
5695.9400 11.798
5697.5813 11.798
5699.2226 11.797
5700.8639 11.796
5702.5052 11.797
5704.1465 11.800
5705.7878 11.803
5707.4291 11.806
5709.0704 11.808
5710.7117 11.807
5712.3530 11.806
5713.9943 11.807
5715.6356 11.809
5717.2769 11.811
5718.9182 11.811
5720.5595 11.807
5722.2008 11.805
5723.8421 11.803
5725.4834 11.802
5727.1247 11.803
5728.7660 11.804
5730.4073 11.805
5732.0486 11.806
5733.6899 11.807
5735.3312 11.805
5736.9725 11.805
5738.6138 11.806
5740.2551 11.807
5741.8964 11.806
5743.5377 11.806
5745.1790 11.806
5746.8203 11.805
5748.4616 11.804
5750.1029 11.804
5751.7442 11.805
5753.3855 11.810
5755.0268 11.812
5756.6681 11.813
5758.3094 11.814
5759.9507 11.813
5761.5920 11.811
5763.2333 11.809
5764.8746 11.809
5766.5159 11.808
5768.1572 11.807
5769.7985 11.809
5771.4398 11.811
5773.0811 11.816
5774.7224 11.820
5776.3637 11.820
5778.0050 11.818
5779.6463 11.822
5781.2876 11.825
5782.9289 11.825
5784.5702 11.827
5786.2115 11.827
5787.8528 11.827
5789.4941 11.828
5791.1354 11.829
5792.7767 11.828
5794.4180 11.826
5796.0593 11.823
5797.7006 11.819
5799.3419 11.814
5800.9832 11.811
5802.6245 11.812
5804.2658 11.815
5805.9071 11.816
5807.5484 11.812
5809.1897 11.808
5810.8310 11.807
5812.4723 11.808
5814.1136 11.815
5815.7549 11.823
5817.3962 11.829
5819.0375 11.833
5820.6788 11.832
5822.3201 11.829
5823.9614 11.828
5825.6027 11.826
5827.2440 11.825
5828.8853 11.826
5830.5266 11.827
5832.1679 11.829
5833.8092 11.830
5835.4505 11.832
5837.0918 11.835
5838.7331 11.837
5840.3744 11.839
5842.0157 11.840
5843.6570 11.841
5845.2983 11.842
5846.9396 11.843
5848.5809 11.843
5850.2222 11.841
5851.8635 11.839
5853.5048 11.838
5855.1461 11.840
5856.7874 11.845
5858.4287 11.852
5860.0700 11.859
5861.7113 11.866
5863.3526 11.872
5864.9939 11.881
5866.6352 11.895
5868.2765 11.913
5869.9178 11.937
5871.5591 11.958
5873.2004 11.975
5874.8417 11.986
5876.4830 11.985
5878.1243 11.979
5879.7656 11.964
5881.4069 11.950
5883.0482 11.932
5884.6895 11.914
5886.3308 11.903
5887.9721 11.898
5889.6134 11.896
5891.2547 11.891
5892.8960 11.888
5894.5373 11.884
5896.1786 11.879
5897.8199 11.876
5899.4612 11.875
5901.1025 11.874
5902.7438 11.873
5904.3851 11.872
5906.0264 11.870
5907.6677 11.866
5909.3090 11.862
5910.9503 11.861
5912.5916 11.858
5914.2329 11.859
5915.8742 11.864
5917.5155 11.865
5919.1568 11.866
5920.7981 11.866
5922.4394 11.864
5924.0807 11.859
5925.7220 11.877
5927.3633 11.882
5929.0046 11.874
5930.6459 11.871
5932.2872 11.868
5933.9285 11.868
5935.5698 11.870
5937.2111 11.866
5938.8524 11.854
5940.4937 11.858
5942.1350 11.864
5943.7763 11.867
5945.4176 11.868
5947.0589 11.870
5948.7002 11.874
5950.3415 11.878
5951.9828 11.881
5953.6241 11.881
5955.2654 11.878
5956.9067 11.877
5958.5480 11.877
5960.1893 11.879
5961.8306 11.880
5963.4719 11.881
5965.1132 11.881
5966.7545 11.880
5968.3958 11.878
5970.0371 11.878
5971.6784 11.884
5973.3197 11.889
5974.9610 11.892
5976.6023 11.892
5978.2436 11.886
5979.8849 11.879
5981.5262 11.873
5983.1675 11.871
5984.8088 11.872
5986.4501 11.876
5988.0914 11.882
5989.7327 11.888
5991.3740 11.890
5993.0153 11.889
5994.6566 11.884
5996.2979 11.878
5997.9392 11.875
5999.5805 11.875
6001.2218 11.877
6002.8631 11.882
6004.5044 11.891
6006.1457 11.897
6007.7870 11.899
6009.4283 11.898
6011.0696 11.889
6012.7109 11.882
6014.3522 11.880
6015.9935 11.883
6017.6348 11.887
6019.2761 11.890
6020.9174 11.890
6022.5587 11.886
6024.2000 11.880
6025.8413 11.874
6027.4826 11.873
6029.1239 11.882
6030.7652 11.895
6032.4065 11.902
6034.0478 11.905
6035.6891 11.908
6037.3304 11.908
6038.9717 11.908
6040.6130 11.908
6042.2543 11.907
6043.8956 11.908
6045.5369 11.909
6047.1782 11.911
6048.8195 11.911
6050.4608 11.912
6052.1021 11.912
6053.7434 11.913
6055.3847 11.916
6057.0260 11.920
6058.6673 11.923
6060.3086 11.926
6061.9499 11.928
6063.5912 11.930
6065.2325 11.932
6066.8738 11.934
6068.5151 11.936
6070.1564 11.940
6071.7977 11.947
6073.4390 11.949
6075.0803 11.951
6076.7216 11.950
6078.3629 11.948
6080.0042 11.947
6081.6455 11.941
6083.2868 11.934
6084.9281 11.929
6086.5694 11.926
6088.2107 11.927
6089.8520 11.928
6091.4933 11.928
6093.1346 11.927
6094.7759 11.925
6096.4172 11.928
6098.0585 11.931
6099.6998 11.931
6101.3411 11.933
6102.9824 11.935
6104.6237 11.937
6106.2650 11.941
6107.9063 11.941
6109.5476 11.938
6111.1889 11.933
6112.8302 11.930
6114.4715 11.927
6116.1128 11.925
6117.7541 11.927
6119.3954 11.932
6121.0367 11.936
6122.6780 11.939
6124.3193 11.944
6125.9606 11.948
6127.6019 11.951
6129.2432 11.950
6130.8845 11.948
6132.5258 11.949
6134.1671 11.950
6135.8084 11.950
6137.4497 11.948
6139.0910 11.943
6140.7323 11.937
6142.3736 11.934
6144.0149 11.934
6145.6562 11.937
6147.2975 11.943
6148.9388 11.948
6150.5801 11.952
6152.2214 11.954
6153.8627 11.956
6155.5040 11.956
6157.1453 11.953
6158.7866 11.954
6160.4279 11.959
6162.0692 11.964
6163.7105 11.965
6165.3518 11.964
6166.9931 11.968
6168.6344 11.971
6170.2757 11.969
6171.9170 11.967
6173.5583 11.967
6175.1996 11.968
6176.8409 11.968
6178.4822 11.968
6180.1235 11.968
6181.7648 11.967
6183.4061 11.963
6185.0474 11.960
6186.6887 11.960
6188.3300 11.962
6189.9713 11.961
6191.6126 11.961
6193.2539 11.961
6194.8952 11.963
6196.5365 11.966
6198.1778 11.962
6199.8191 11.957
6201.4604 11.957
6203.1017 11.959
6204.7430 11.964
6206.3843 11.968
6208.0256 11.973
6209.6669 11.978
6211.3082 11.979
6212.9495 11.978
6214.5908 11.977
6216.2321 11.978
6217.8734 11.980
6219.5147 11.979
6221.1560 11.976
6222.7973 11.971
6224.4386 11.969
6226.0799 11.968
6227.7212 11.969
6229.3625 11.975
6231.0038 11.981
6232.6451 11.985
6234.2864 11.987
6235.9277 11.989
6237.5690 11.990
6239.2103 11.987
6240.8516 11.983
6242.4929 11.984
6244.1342 11.985
6245.7755 11.986
6247.4168 11.985
6249.0581 11.984
6250.6994 11.985
6252.3407 11.985
6253.9820 11.984
6255.6233 11.985
6257.2646 11.988
6258.9059 11.994
6260.5472 11.999
6262.1885 12.000
6263.8298 12.003
6265.4711 12.006
6267.1124 12.006
6268.7537 12.004
6270.3950 12.005
6272.0363 12.008
6273.6776 12.016
6275.3189 12.021
6276.9602 12.026
6278.6015 12.032
6280.2428 12.037
6281.8841 12.042
6283.5254 12.042
6285.1667 12.037
6286.8080 12.032
6288.4493 12.027
6290.0906 12.023
6291.7319 12.023
6293.3732 12.022
6295.0145 12.022
6296.6558 12.022
6298.2971 12.021
6299.9384 12.024
6301.5797 12.030
6303.2210 12.035
6304.8623 12.038
6306.5036 12.040
6308.1449 12.042
6309.7862 12.044
6311.4275 12.043
6313.0688 12.041
6314.7101 12.040
6316.3514 12.041
6317.9927 12.042
6319.6340 12.041
6321.2753 12.039
6322.9166 12.037
6324.5579 12.032
6326.1992 12.026
6327.8405 12.022
6329.4818 12.023
6331.1231 12.025
6332.7644 12.032
6334.4057 12.039
6336.0470 12.041
6337.6883 12.039
6339.3296 12.033
6340.9709 12.028
6342.6122 12.029
6344.2535 12.033
6345.8948 12.034
6347.5361 12.030
6349.1774 12.029
6350.8187 12.031
6352.4600 12.033
6354.1013 12.034
6355.7426 12.038
6357.3839 12.046
6359.0252 12.053
6360.6665 12.051
6362.3078 12.049
6363.9491 12.049
6365.5904 12.051
6367.2317 12.049
6368.8730 12.050
6370.5143 12.058
6372.1556 12.067
6373.7969 12.070
6375.4382 12.066
6377.0795 12.059
6378.7208 12.053
6380.3621 12.049
6382.0034 12.045
6383.6447 12.044
6385.2860 12.049
6386.9273 12.053
6388.5686 12.051
6390.2099 12.050
6391.8512 12.056
6393.4925 12.058
6395.1338 12.053
6396.7751 12.048
6398.4164 12.043
6400.0577 12.044
6401.6990 12.048
6403.3403 12.051
6404.9816 12.056
6406.6229 12.059
6408.2642 12.059
6409.9055 12.060
6411.5468 12.063
6413.1881 12.066
6414.8294 12.067
6416.4707 12.061
6418.1120 12.055
6419.7533 12.056
6421.3946 12.059
6423.0359 12.063
6424.6772 12.065
6426.3185 12.066
6427.9598 12.071
6429.6011 12.073
6431.2424 12.072
6432.8837 12.074
6434.5250 12.077
6436.1663 12.081
6437.8076 12.083
6439.4489 12.083
6441.0902 12.080
6442.7315 12.073
6444.3728 12.068
6446.0141 12.067
6447.6554 12.069
6449.2967 12.072
6450.9380 12.077
6452.5793 12.077
6454.2206 12.078
6455.8619 12.078
6457.5032 12.072
6459.1445 12.066
6460.7858 12.066
6462.4271 12.071
6464.0684 12.080
6465.7097 12.090
6467.3510 12.097
6468.9923 12.097
6470.6336 12.098
6472.2749 12.100
6473.9162 12.099
6475.5575 12.097
6477.1988 12.095
6478.8401 12.093
6480.4814 12.090
6482.1227 12.087
6483.7640 12.086
6485.4053 12.092
6487.0466 12.095
6488.6879 12.097
6490.3292 12.098
6491.9705 12.091
6493.6118 12.088
6495.2531 12.089
6496.8944 12.088
6498.5357 12.089
6500.1770 12.089
6501.8183 12.093
6503.4596 12.096
6505.1009 12.094
6506.7422 12.090
6508.3835 12.090
6510.0248 12.092
6511.6661 12.092
6513.3074 12.095
6514.9487 12.098
6516.5900 12.103
6518.2313 12.106
6519.8726 12.104
6521.5139 12.105
6523.1552 12.112
6524.7965 12.121
6526.4378 12.124
6528.0791 12.126
6529.7204 12.127
6531.3617 12.126
6533.0030 12.118
6534.6443 12.112
6536.2856 12.114
6537.9269 12.126
6539.5682 12.136
6541.2095 12.145
6542.8508 12.151
6544.4921 12.155
6546.1334 12.160
6547.7747 12.169
6549.4160 12.185
6551.0573 12.210
6552.6986 12.235
6554.3399 12.258
6555.9812 12.280
6557.6225 12.302
6559.2638 12.325
6560.9051 12.343
6562.5464 12.356
6564.1877 12.350
6565.8290 12.331
6567.4703 12.303
6569.1116 12.271
6570.7529 12.248
6572.3942 12.230
6574.0355 12.211
6575.6768 12.192
6577.3181 12.171
6578.9594 12.161
6580.6007 12.156
6582.2420 12.146
6583.8833 12.138
6585.5246 12.136
6587.1659 12.136
6588.8072 12.129
6590.4485 12.116
6592.0898 12.108
6593.7311 12.101
6595.3724 12.103
6597.0137 12.112
6598.6550 12.120
6600.2963 12.125
6601.9376 12.126
6603.5789 12.121
6605.2202 12.119
6606.8615 12.124
6608.5028 12.127
6610.1441 12.128
6611.7854 12.126
6613.4267 12.127
6615.0680 12.133
6616.7093 12.136
6618.3506 12.140
6619.9919 12.141
6621.6332 12.139
6623.2745 12.140
6624.9158 12.139
6626.5571 12.135
6628.1984 12.129
6629.8397 12.125
6631.4810 12.120
6633.1223 12.121
6634.7636 12.126
6636.4049 12.131
6638.0462 12.133
6639.6875 12.132
6641.3288 12.129
6642.9701 12.128
6644.6114 12.126
6646.2527 12.124
6647.8940 12.123
6649.5353 12.123
6651.1766 12.122
6652.8179 12.122
6654.4592 12.125
6656.1005 12.128
6657.7418 12.131
6659.3831 12.136
6661.0244 12.139
6662.6657 12.140
6664.3070 12.142
6665.9483 12.145
6667.5896 12.148
6669.2309 12.153
6670.8722 12.163
6672.5135 12.182
6674.1548 12.202
6675.7961 12.219
6677.4374 12.230
6679.0787 12.232
6680.7200 12.228
6682.3613 12.213
6684.0026 12.199
6685.6439 12.184
6687.2852 12.172
6688.9265 12.162
6690.5678 12.151
6692.2091 12.146
6693.8504 12.144
6695.4917 12.147
6697.1330 12.151
6698.7743 12.155
6700.4156 12.158
6702.0569 12.157
6703.6982 12.151
6705.3395 12.142
6706.9808 12.132
6708.6221 12.126
6710.2634 12.124
6711.9047 12.123
6713.5460 12.123
6715.1873 12.127
6716.8286 12.130
6718.4699 12.132
6720.1112 12.130
6721.7525 12.126
6723.3938 12.130
6725.0351 12.138
6726.6764 12.143
6728.3177 12.146
6729.9590 12.144
6731.6003 12.139
6733.2416 12.136
6734.8829 12.137
6736.5242 12.140
6738.1655 12.145
6739.8068 12.146
6741.4481 12.141
6743.0894 12.136
6744.7307 12.131
6746.3720 12.127
6748.0133 12.130
6749.6546 12.133
6751.2959 12.139
6752.9372 12.143
6754.5785 12.139
6756.2198 12.128
6757.8611 12.119
6759.5024 12.113
6761.1437 12.112
6762.7850 12.115
6764.4263 12.114
6766.0676 12.113
6767.7089 12.116
6769.3502 12.120
6770.9915 12.125
6772.6328 12.131
6774.2741 12.135
6775.9154 12.136
6777.5567 12.136
6779.1980 12.135
6780.8393 12.135
6782.4806 12.144
6784.1219 12.155
6785.7632 12.159
6787.4045 12.163
6789.0458 12.157
6790.6871 12.144
6792.3284 12.135
6793.9697 12.130
6795.6110 12.132
6797.2523 12.143
6798.8936 12.152
6800.5349 12.152
6802.1762 12.153
6803.8175 12.154
6805.4588 12.153
6807.1001 12.149
6808.7414 12.150
6810.3827 12.153
6812.0240 12.155
6813.6653 12.155
6815.3066 12.152
6816.9479 12.151
6818.5892 12.151
6820.2305 12.147
6821.8718 12.142
6823.5131 12.142
6825.1544 12.146
6826.7957 12.150
6828.4370 12.153
6830.0783 12.154
6831.7196 12.151
6833.3609 12.149
6835.0022 12.152
6836.6435 12.158
6838.2848 12.163
6839.9261 12.169
6841.5674 12.174
6843.2087 12.178
6844.8500 12.179
6846.4913 12.178
6848.1326 12.175
6849.7739 12.172
6851.4152 12.167
6853.0565 12.163
6854.6978 12.161
6856.3391 12.160
6857.9804 12.169
6859.6217 12.183
6861.2630 12.202
6862.9043 12.222
6864.5456 12.246
6866.1869 12.283
6867.8282 12.324
6869.4695 12.367
6871.1108 12.399
6872.7521 12.409
6874.3934 12.405
6876.0347 12.385
6877.6760 12.361
6879.3173 12.328
6880.9586 12.294
6882.5999 12.285
6884.2412 12.287
6885.8825 12.280
6887.5238 12.273
6889.1651 12.276
6890.8064 12.282
6892.4477 12.285
6894.0890 12.286
6895.7303 12.286
6897.3716 12.283
6899.0129 12.276
6900.6542 12.266
6902.2955 12.263
6903.9368 12.269
6905.5781 12.272
6907.2194 12.260
6908.8607 12.246
6910.5020 12.246
6912.1433 12.245
6913.7846 12.236
6915.4259 12.226
6917.0672 12.223
6918.7085 12.219
6920.3498 12.214
6921.9911 12.210
6923.6324 12.205
6925.2737 12.203
6926.9150 12.202
6928.5563 12.201
6930.1976 12.201
6931.8389 12.202
6933.4802 12.200
6935.1215 12.196
6936.7628 12.194
6938.4041 12.200
6940.0454 12.206
6941.6867 12.208
6943.3280 12.207
6944.9693 12.207
6946.6106 12.206
6948.2519 12.208
6949.8932 12.210
6951.5345 12.212
6953.1758 12.214
6954.8171 12.208
6956.4584 12.198
6958.0997 12.195
6959.7410 12.199
6961.3823 12.200
6963.0236 12.197
6964.6649 12.192
6966.3062 12.189
6967.9475 12.189
6969.5888 12.191
6971.2301 12.193
6972.8714 12.195
6974.5127 12.196
6976.1540 12.193
6977.7953 12.192
6979.4366 12.189
6981.0779 12.187
6982.7192 12.189
6984.3605 12.192
6986.0018 12.201
6987.6431 12.212
6989.2844 12.220
6990.9257 12.228
6992.5670 12.229
6994.2083 12.223
6995.8496 12.222
6997.4909 12.229
6999.1322 12.237
7000.7735 12.237
7002.4148 12.235
7004.0561 12.229
7005.6974 12.223
7007.3387 12.218
7008.9800 12.216
7010.6213 12.226
7012.2626 12.237
7013.9039 12.242
7015.5452 12.243
7017.1865 12.247
7018.8278 12.257
7020.4691 12.262
7022.1104 12.265
7023.7517 12.270
7025.3930 12.274
7027.0343 12.272
7028.6756 12.267
7030.3169 12.255
7031.9582 12.238
7033.5995 12.224
7035.2408 12.222
7036.8821 12.223
7038.5234 12.225
7040.1647 12.229
7041.8060 12.230
7043.4473 12.229
7045.0886 12.229
7046.7299 12.230
7048.3712 12.231
7050.0125 12.234
7051.6538 12.236
7053.2951 12.238
7054.9364 12.243
7056.5777 12.252
7058.2190 12.262
7059.8603 12.274
7061.5016 12.286
7063.1429 12.295
7064.7842 12.299
7066.4255 12.295
7068.0668 12.282
7069.7081 12.268
7071.3494 12.257
7072.9907 12.252
7074.6320 12.250
7076.2733 12.252
7077.9146 12.254
7079.5559 12.246
7081.1972 12.233
7082.8385 12.227
7084.4798 12.224
7086.1211 12.223
7087.7624 12.224
7089.4037 12.221
7091.0450 12.215
7092.6863 12.213
7094.3276 12.219
7095.9689 12.222
7097.6102 12.224
7099.2515 12.228
7100.8928 12.235
7102.5341 12.240
7104.1754 12.236
7105.8167 12.235
7107.4580 12.239
7109.0993 12.242
7110.7406 12.243
7112.3819 12.243
7114.0232 12.244
7115.6645 12.246
7117.3058 12.248
7118.9471 12.248
7120.5884 12.243
7122.2297 12.234
7123.8710 12.231
7125.5123 12.237
7127.1536 12.240
7128.7949 12.240
7130.4362 12.242
7132.0775 12.245
7133.7188 12.251
7135.3601 12.266
7137.0014 12.278
7138.6427 12.282
7140.2840 12.281
7141.9253 12.275
7143.5666 12.268
7145.2079 12.274
7146.8492 12.287
7148.4905 12.301
7150.1318 12.315
7151.7731 12.318
7153.4144 12.309
7155.0557 12.302
7156.6970 12.302
7158.3383 12.301
7159.9796 12.301
7161.6209 12.303
7163.2622 12.306
7164.9035 12.311
7166.5448 12.318
7168.1861 12.325
7169.8274 12.335
7171.4687 12.345
7173.1100 12.346
7174.7513 12.347
7176.3926 12.351
7178.0339 12.358
7179.6752 12.371
7181.3165 12.386
7182.9578 12.401
7184.5991 12.416
7186.2404 12.423
7187.8817 12.423
7189.5230 12.420
7191.1643 12.415
7192.8056 12.410
7194.4469 12.401
7196.0882 12.392
7197.7295 12.394
7199.3708 12.398
7201.0121 12.392
7202.6534 12.387
7204.2947 12.381
7205.9360 12.369
7207.5773 12.352
7209.2186 12.332
7210.8599 12.318
7212.5012 12.312
7214.1425 12.302
7215.7838 12.290
7217.4251 12.283
7219.0664 12.282
7220.7077 12.293
7222.3490 12.313
7223.9903 12.327
7225.6316 12.333
7227.2729 12.336
7228.9142 12.342
7230.5555 12.352
7232.1968 12.368
7233.8381 12.382
7235.4794 12.383
7237.1207 12.382
7238.7620 12.377
7240.4033 12.370
7242.0446 12.370
7243.6859 12.370
7245.3272 12.361
7246.9685 12.354
7248.6098 12.356
7250.2511 12.363
7251.8924 12.376
7253.5337 12.388
7255.1750 12.389
7256.8163 12.380
7258.4576 12.371
7260.0989 12.366
7261.7402 12.363
7263.3815 12.358
7265.0228 12.351
7266.6641 12.346
7268.3054 12.341
7269.9467 12.331
7271.5880 12.321
7273.2293 12.316
7274.8706 12.317
7276.5119 12.324
7278.1532 12.339
7279.7945 12.359
7281.4358 12.374
7283.0771 12.382
7284.7184 12.383
7286.3597 12.381
7288.0010 12.375
7289.6423 12.370
7291.2836 12.362
7292.9249 12.356
7294.5662 12.348
7296.2075 12.338
7297.8488 12.338
7299.4901 12.342
7301.1314 12.352
7302.7727 12.363
7304.4140 12.362
7306.0553 12.355
7307.6966 12.350
7309.3379 12.346
7310.9792 12.342
7312.6205 12.335
7314.2618 12.330
7315.9031 12.330
7317.5444 12.330
7319.1857 12.332
7320.8270 12.333
7322.4683 12.330
7324.1096 12.329
7325.7509 12.337
7327.3922 12.344
7329.0335 12.341
7330.6748 12.335
7332.3161 12.333
7333.9574 12.332
7335.5987 12.332
7337.2400 12.332
7338.8813 12.331
7340.5226 12.334
7342.1639 12.332
7343.8052 12.329
7345.4465 12.335
7347.0878 12.346
7348.7291 12.353
7350.3704 12.357
7352.0117 12.357
7353.6530 12.350
7355.2943 12.346
7356.9356 12.341
7358.5769 12.336
7360.2182 12.334
7361.8595 12.331
7363.5008 12.333
7365.1421 12.334
7366.7834 12.337
7368.4247 12.341
7370.0660 12.337
7371.7073 12.326
7373.3486 12.315
7374.9899 12.309
7376.6312 12.314
7378.2725 12.329
7379.9138 12.341
7381.5551 12.342
7383.1964 12.337
7384.8377 12.331
7386.4790 12.325
7388.1203 12.323
7389.7616 12.328
7391.4029 12.332
7393.0442 12.338
7394.6855 12.343
7396.3268 12.346
7397.9681 12.358
7399.6094 12.364
7401.2507 12.366
7402.8920 12.369
7404.5333 12.360
7406.1746 12.349
7407.8159 12.344
7409.4572 12.342
7411.0985 12.339
7412.7398 12.333
7414.3811 12.323
7416.0224 12.321
7417.6637 12.323
7419.3050 12.330
7420.9463 12.334
7422.5876 12.331
7424.2289 12.329
7425.8702 12.330
7427.5115 12.332
7429.1528 12.333
7430.7941 12.336
7432.4354 12.346
7434.0767 12.354
7435.7180 12.357
7437.3593 12.358
7439.0006 12.349
7440.6419 12.334
7442.2832 12.322
7443.9245 12.317
7445.5658 12.319
7447.2071 12.330
7448.8484 12.338
7450.4897 12.340
7452.1310 12.341
7453.7723 12.341
7455.4136 12.346
7457.0549 12.349
7458.6962 12.342
7460.3375 12.334
7461.9788 12.329
7463.6201 12.339
7465.2614 12.348
7466.9027 12.350
7468.5440 12.353
7470.1853 12.353
7471.8266 12.349
7473.4679 12.343
7475.1092 12.338
7476.7505 12.336
7478.3918 12.339
7480.0331 12.346
7481.6744 12.352
7483.3157 12.357
7484.9570 12.361
7486.5983 12.360
7488.2396 12.357
7489.8809 12.356
7491.5222 12.346
7493.1635 12.342
7494.8048 12.348
7496.4461 12.359
7498.0874 12.368
7499.7287 12.371
7501.3700 12.358
7503.0113 12.338
7504.6526 12.327
7506.2939 12.317
7507.9352 12.315
7509.5765 12.326
7511.2178 12.329
7512.8591 12.317
7514.5004 12.307
7516.1417 12.305
7517.7830 12.308
7519.4243 12.312
7521.0656 12.316
7522.7069 12.317
7524.3482 12.317
7525.9895 12.324
7527.6308 12.330
7529.2721 12.334
7530.9134 12.338
7532.5547 12.345
7534.1960 12.351
7535.8373 12.358
7537.4786 12.367
7539.1199 12.366
7540.7612 12.353
7542.4025 12.344
7544.0438 12.346
7545.6851 12.349
7547.3264 12.349
7548.9677 12.353
7550.6090 12.354
7552.2503 12.346
7553.8916 12.355
7555.5329 12.363
7557.1742 12.364
7558.8155 12.373
7560.4568 12.372
7562.0981 12.364
7563.7394 12.360
7565.3807 12.359
7567.0220 12.355
7568.6633 12.350
7570.3046 12.352
7571.9459 12.357
7573.5872 12.367
7575.2285 12.381
7576.8698 12.389
7578.5111 12.386
7580.1524 12.387
7581.7937 12.389
7583.4350 12.390
7585.0763 12.388
7586.7176 12.392
7588.3589 12.413
7590.0002 12.446
7591.6415 12.512
7593.2828 12.608
7594.9241 12.733
7596.5654 12.869
7598.2067 13.009
7599.8480 13.134
7601.4893 13.224
7603.1306 13.286
7604.7719 13.322
7606.4132 13.332
7608.0545 13.309
7609.6958 13.251
7611.3371 13.192
7612.9784 13.143
7614.6197 13.086
7616.2610 12.993
7617.9023 12.927
7619.5436 12.883
7621.1849 12.856
7622.8262 12.872
7624.4675 12.897
7626.1088 12.912
7627.7501 12.911
7629.3914 12.918
7631.0327 12.925
7632.6740 12.925
7634.3153 12.918
7635.9566 12.902
7637.5979 12.881
7639.2392 12.862
7640.8805 12.843
7642.5218 12.820
7644.1631 12.794
7645.8044 12.764
7647.4457 12.731
7649.0870 12.709
7650.7283 12.693
7652.3696 12.666
7654.0109 12.623
7655.6522 12.584
7657.2935 12.556
7658.9348 12.543
7660.5761 12.549
7662.2174 12.552
7663.8587 12.542
7665.5000 12.528
7667.1413 12.505
7668.7826 12.473
7670.4239 12.448
7672.0652 12.429
7673.7065 12.419
7675.3478 12.417
7676.9891 12.423
7678.6304 12.442
7680.2717 12.454
7681.9130 12.446
7683.5543 12.432
7685.1956 12.427
7686.8369 12.424
7688.4782 12.420
7690.1195 12.417
7691.7608 12.398
7693.4021 12.387
7695.0434 12.387
7696.6847 12.389
7698.3260 12.389
7699.9673 12.389
7701.6086 12.384
7703.2499 12.374
7704.8912 12.366
7706.5325 12.366
7708.1738 12.371
7709.8151 12.380
7711.4564 12.383
7713.0977 12.387
7714.7390 12.395
7716.3803 12.389
7718.0216 12.391
7719.6629 12.396
7721.3042 12.399
7722.9455 12.399
7724.5868 12.399
7726.2281 12.405
7727.8694 12.415
7729.5107 12.424
7731.1520 12.430
7732.7933 12.433
7734.4346 12.441
7736.0759 12.432
7737.7172 12.407
7739.3585 12.376
7740.9998 12.347
7742.6411 12.337
7744.2824 12.341
7745.9237 12.351
7747.5650 12.364
7749.2063 12.378
7750.8476 12.389
7752.4889 12.394
7754.1302 12.390
7755.7715 12.370
7757.4128 12.350
7759.0541 12.355
7760.6954 12.390
7762.3367 12.431
7763.9780 12.445
7765.6193 12.439
7767.2606 12.422
7768.9019 12.404
7770.5432 12.394
7772.1845 12.393
7773.8258 12.398
7775.4671 12.405
7777.1084 12.410
7778.7497 12.411
7780.3910 12.424
7782.0323 12.445
7783.6736 12.475
7785.3149 12.498
7786.9562 12.490
7788.5975 12.464
7790.2388 12.427
7791.8801 12.381
7793.5214 12.346
7795.1627 12.357
7796.8040 12.369
7798.4453 12.379
7800.0866 12.388
7801.7279 12.394
7803.3692 12.397
7805.0105 12.391
7806.6518 12.380
7808.2931 12.367
7809.9344 12.357
7811.5757 12.365
7813.2170 12.390
7814.8583 12.416
7816.4996 12.428
7818.1409 12.420
7819.7822 12.388
7821.4235 12.371
7823.0648 12.373
7824.7061 12.382
7826.3474 12.393
7827.9887 12.392
7829.6300 12.385
7831.2713 12.379
7832.9126 12.378
7834.5539 12.385
7836.1952 12.401
7837.8365 12.420
7839.4778 12.435
7841.1191 12.441
7842.7604 12.435
7844.4017 12.414
7846.0430 12.392
7847.6843 12.383
7849.3256 12.387
7850.9669 12.402
7852.6082 12.408
7854.2495 12.400
7855.8908 12.389
7857.5321 12.383
7859.1734 12.383
7860.8147 12.393
7862.4560 12.403
7864.0973 12.403
7865.7386 12.406
7867.3799 12.414
7869.0212 12.433
7870.6625 12.463
7872.3038 12.497
7873.9451 12.522
7875.5864 12.534
7877.2277 12.530
7878.8690 12.512
7880.5103 12.493
7882.1516 12.481
7883.7929 12.476
7885.4342 12.459
7887.0755 12.424
7888.7168 12.387
7890.3581 12.359
7891.9994 12.342
7893.6407 12.331
7895.2820 12.324
7896.9233 12.334
7898.5646 12.350
7900.2059 12.365
7901.8472 12.376
7903.4885 12.379
7905.1298 12.377
7906.7711 12.382
7908.4124 12.394
7910.0537 12.410
7911.6950 12.423
7913.3363 12.419
7914.9776 12.404
7916.6189 12.387
7918.2602 12.368
7919.9015 12.350
7921.5428 12.338
7923.1841 12.335
7924.8254 12.342
7926.4667 12.350
7928.1080 12.355
7929.7493 12.372
7931.3906 12.403
7933.0319 12.438
7934.6732 12.468
7936.3145 12.486
7937.9558 12.490
7939.5971 12.487
7941.2384 12.481
7942.8797 12.467
7944.5210 12.440
7946.1623 12.401
7947.8036 12.364
7949.4449 12.343
7951.0862 12.338
7952.7275 12.352
7954.3688 12.381
7956.0101 12.412
7957.6514 12.431
7959.2927 12.436
7960.9340 12.423
7962.5753 12.400
7964.2166 12.379
7965.8579 12.368
7967.4992 12.360
7969.1405 12.353
7970.7818 12.345
7972.4231 12.339
7974.0644 12.341
7975.7057 12.350
7977.3470 12.365
7978.9883 12.382
7980.6296 12.398
7982.2709 12.409
7983.9122 12.416
7985.5535 12.420
7987.1948 12.422
7988.8361 12.421
7990.4774 12.422
7992.1187 12.422
7993.7600 12.420
7995.4013 12.415
7997.0426 12.405
7998.6839 12.393
8000.3252 12.384
8001.9665 12.381
8003.6078 12.387
8005.2491 12.405
8006.8904 12.412
8008.5317 12.404
8010.1730 12.385
8011.8143 12.364
8013.4556 12.362
8015.0969 12.375
8016.7382 12.394
8018.3795 12.414
8020.0208 12.429
8021.6621 12.435
8023.3034 12.426
8024.9447 12.409
8026.5860 12.393
8028.2273 12.377
8029.8686 12.365
8031.5099 12.363
8033.1512 12.370
8034.7925 12.380
8036.4338 12.391
8038.0751 12.401
8039.7164 12.411
8041.3577 12.422
8042.9990 12.428
8044.6403 12.425
8046.2816 12.403
8047.9229 12.372
8049.5642 12.352
8051.2055 12.344
8052.8468 12.349
8054.4881 12.366
8056.1294 12.397
8057.7707 12.430
8059.4120 12.444
8061.0533 12.443
8062.6946 12.430
8064.3359 12.417
8065.9772 12.411
8067.6185 12.414
8069.2598 12.428
8070.9011 12.460
8072.5424 12.504
8074.1837 12.539
8075.8250 12.553
8077.4663 12.546
8079.1076 12.518
8080.7489 12.482
8082.3902 12.467
8084.0315 12.471
8085.6728 12.487
8087.3141 12.517
8088.9554 12.546
8090.5967 12.536
8092.2380 12.506
8093.8793 12.472
8095.5206 12.452
8097.1619 12.457
8098.8032 12.485
8100.4445 12.505
8102.0858 12.509
8103.7271 12.501
8105.3684 12.483
8107.0097 12.472
8108.6510 12.464
8110.2923 12.452
8111.9336 12.434
8113.5749 12.410
8115.2162 12.390
8116.8575 12.375
8118.4988 12.365
8120.1401 12.364
8121.7814 12.373
8123.4227 12.413
8125.0640 12.468
8126.7053 12.516
8128.3466 12.546
8129.9879 12.555
8131.6292 12.551
8133.2705 12.548
8134.9118 12.552
8136.5531 12.560
8138.1944 12.571
8139.8357 12.587
8141.4770 12.610
8143.1183 12.636
8144.7596 12.658
8146.4009 12.673
8148.0422 12.683
8149.6835 12.687
8151.3248 12.683
8152.9661 12.668
8154.6074 12.643
8156.2487 12.619
8157.8900 12.601
8159.5313 12.585
8161.1726 12.568
8162.8139 12.550
8164.4552 12.540
8166.0965 12.541
8167.7378 12.546
8169.3791 12.551
8171.0204 12.556
8172.6617 12.560
8174.3030 12.566
8175.9443 12.573
8177.5856 12.565
8179.2269 12.549
8180.8682 12.591
8182.5095 12.713
8184.1508 12.758
8185.7921 12.778
8187.4334 12.795
8189.0747 12.804
8190.7160 12.806
8192.3573  0.000
