3125.7842 13.285
3127.8665 13.194
3129.9487 13.141
3132.0310 13.094
3134.1133 13.064
3136.1956 13.096
3138.2778 13.110
3140.3601 13.131
3142.4424 13.183
3144.5246 13.260
3146.6069 13.213
3148.6892 13.120
3150.7715 13.050
3152.8537 13.121
3154.9360 13.156
3157.0183 13.155
3159.1005 13.129
3161.1828 13.101
3163.2651 13.065
3165.3473 13.046
3167.4296 13.037
3169.5119 13.020
3171.5942 13.013
3173.6764 13.018
3175.7587 13.020
3177.8410 13.008
3179.9232 13.073
3182.0055 13.122
3184.0878 13.128
3186.1701 13.081
3188.2523 13.029
3190.3346 13.055
3192.4169 13.092
3194.4991 13.107
3196.5814 13.098
3198.6637 13.114
3200.7460 13.150
3202.8282 13.182
3204.9105 13.164
3206.9928 13.134
3209.0750 13.108
3211.1573 13.084
3213.2396 13.062
3215.3218 13.042
3217.4041 13.033
3219.4864 13.023
3221.5687 13.001
3223.6509 13.008
3225.7332 13.016
3227.8155 13.009
3229.8977 12.980
3231.9800 12.973
3234.0623 12.976
3236.1446 12.974
3238.2268 12.965
3240.3091 12.973
3242.3914 12.977
3244.4736 12.968
3246.5559 12.955
3248.6382 12.966
3250.7205 13.018
3252.8027 13.052
3254.8850 13.059
3256.9673 13.034
3259.0495 13.033
3261.1318 13.028
3263.2141 13.016
3265.2964 12.991
3267.3786 13.010
3269.4609 13.024
3271.5432 13.036
3273.6254 13.046
3275.7077 13.050
3277.7900 13.037
3279.8722 13.033
3281.9545 13.042
3284.0368 13.044
3286.1191 13.028
3288.2013 13.009
3290.2836 12.994
3292.3659 12.987
3294.4481 13.002
3296.5304 13.009
3298.6127 13.000
3300.6950 12.971
3302.7772 13.004
3304.8595 13.031
3306.9418 13.045
3309.0240 13.039
3311.1063 13.059
3313.1886 13.062
3315.2709 13.042
3317.3531 12.999
3319.4354 12.987
3321.5177 12.994
3323.5999 12.998
3325.6822 12.992
3327.7645 12.976
3329.8467 12.981
3331.9290 13.007
3334.0113 13.037
3336.0936 13.035
3338.1758 13.035
3340.2581 13.033
3342.3404 13.019
3344.4226 12.993
3346.5049 13.017
3348.5872 13.043
3350.6695 13.058
3352.7517 13.069
3354.8340 13.059
3356.9163 13.036
3358.9985 13.024
3361.0808 13.029
3363.1631 13.043
3365.2454 13.037
3367.3276 13.029
3369.4099 13.031
3371.4922 13.064
3373.5744 13.090
3375.6567 13.081
3377.7390 13.045
3379.8212 13.003
3381.9035 12.994
3383.9858 12.996
3386.0681 13.002
3388.1503 13.006
3390.2326 13.015
3392.3149 13.031
3394.3971 13.036
3396.4794 13.031
3398.5617 13.025
3400.6440 13.053
3402.7262 13.077
3404.8085 13.078
3406.8908 13.066
3408.9730 13.067
3411.0553 13.055
3413.1376 13.033
3415.2199 13.027
3417.3021 13.017
3419.3844 13.016
3421.4667 13.023
3423.5489 13.035
3425.6312 13.065
3427.7135 13.093
3429.7958 13.112
3431.8780 13.131
3433.9603 13.086
3436.0426 13.063
3438.1248 13.064
3440.2071 13.096
3442.2894 13.113
3444.3716 13.101
3446.4539 13.084
3448.5362 13.094
3450.6185 13.134
3452.7007 13.118
3454.7830 13.091
3456.8653 13.059
3458.9475 13.047
3461.0298 13.064
3463.1121 13.102
3465.1944 13.140
3467.2766 13.140
3469.3589 13.151
3471.4412 13.154
3473.5234 13.163
3475.6057 13.190
3477.6880 13.212
3479.7703 13.220
3481.8525 13.213
3483.9348 13.200
3486.0171 13.161
3488.0993 13.143
3490.1816 13.140
3492.2639 13.152
3494.3461 13.130
3496.4284 13.098
3498.5107 13.090
3500.5930 13.101
3502.6752 13.127
3504.7575 13.133
3506.8398 13.160
3508.9220 13.192
3511.0043 13.193
3513.0866 13.141
3515.1689 13.116
3517.2511 13.110
3519.3334 13.100
3521.4157 13.104
3523.4979 13.107
3525.5802 13.116
3527.6625 13.125
3529.7448 13.105
3531.8270 13.095
3533.9093 13.100
3535.9916 13.110
3538.0738 13.108
3540.1561 13.100
3542.2384 13.096
3544.3207 13.098
3546.4029 13.116
3548.4852 13.116
3550.5675 13.123
3552.6497 13.134
3554.7320 13.155
3556.8143 13.166
3558.8965 13.159
3560.9788 13.153
3563.0611 13.138
3565.1434 13.127
3567.2256 13.108
3569.3079 13.103
3571.3902 13.120
3573.4724 13.127
3575.5547 13.131
3577.6370 13.126
3579.7193 13.131
3581.8015 13.159
3583.8838 13.191
3585.9661 13.188
3588.0483 13.158
3590.1306 13.139
3592.2129 13.109
3594.2952 13.096
3596.3774 13.093
3598.4597 13.117
3600.5420 13.121
3602.6242 13.118
3604.7065 13.106
3606.7888 13.124
3608.8710 13.141
3610.9533 13.158
3613.0356 13.162
3615.1179 13.151
3617.2001 13.136
3619.2824 13.133
3621.3647 13.143
3623.4469 13.159
3625.5292 13.170
3627.6115 13.182
3629.6938 13.169
3631.7760 13.148
3633.8583 13.152
3635.9406 13.183
3638.0228 13.180
3640.1051 13.165
3642.1874 13.166
3644.2697 13.178
3646.3519 13.180
3648.4342 13.183
3650.5165 13.195
3652.5987 13.186
3654.6810 13.187
3656.7633 13.193
3658.8456 13.196
3660.9278 13.219
3663.0101 13.210
3665.0924 13.188
3667.1746 13.160
3669.2569 13.156
3671.3392 13.149
3673.4214 13.170
3675.5037 13.194
3677.5860 13.208
3679.6683 13.212
3681.7505 13.206
3683.8328 13.200
3685.9151 13.199
3687.9973 13.208
3690.0796 13.197
3692.1619 13.191
3694.2442 13.209
3696.3264 13.228
3698.4087 13.225
3700.4910 13.212
3702.5732 13.204
3704.6555 13.209
3706.7378 13.216
3708.8201 13.220
3710.9023 13.219
3712.9846 13.212
3715.0669 13.211
3717.1491 13.210
3719.2314 13.208
3721.3137 13.208
3723.3959 13.202
3725.4782 13.187
3727.5605 13.179
3729.6428 13.202
3731.7250 13.230
3733.8073 13.240
3735.8896 13.231
3737.9718 13.218
3740.0541 13.211
3742.1364 13.204
3744.2187 13.206
3746.3009 13.214
3748.3832 13.223
3750.4655 13.228
3752.5477 13.225
3754.6300 13.218
3756.7123 13.205
3758.7946 13.192
3760.8768 13.190
3762.9591 13.206
3765.0414 13.241
3767.1236 13.267
3769.2059 13.246
3771.2882 13.221
3773.3704 13.216
3775.4527 13.214
3777.5350 13.211
3779.6173 13.219
3781.6995 13.244
3783.7818 13.264
3785.8641 13.278
3787.9463 13.285
3790.0286 13.283
3792.1109 13.287
3794.1932 13.299
3796.2754 13.310
3798.3577 13.315
3800.4400 13.148
3802.5222 13.161
3804.6045 13.212
3806.6868 13.253
3808.7691 13.239
3810.8513 13.204
3812.9336 13.195
3815.0159 13.208
3817.0981 13.222
3819.1804 13.208
3821.2627 13.206
3823.3450 13.234
3825.4272 13.262
3827.5095 13.264
3829.5918 13.239
3831.6740 13.214
3833.7563 13.196
3835.8386 13.216
3837.9208 13.254
3840.0031 13.271
3842.0854 13.275
3844.1677 13.267
3846.2499 13.253
3848.3322 13.231
3850.4145 13.221
3852.4967 13.237
3854.5790 13.251
3856.6613 13.261
3858.7436 13.262
3860.8258 13.255
3862.9081 13.264
3864.9904 13.280
3867.0726 13.285
3869.1549 13.274
3871.2372 13.246
3873.3195 13.238
3875.4017 13.261
3877.4840 13.312
3879.5663 13.339
3881.6485 13.350
3883.7308 13.344
3885.8131 13.328
3887.8953 13.313
3889.9776 13.288
3892.0599 13.284
3894.1422 13.261
3896.2244 13.218
3898.3067 13.199
3900.3890 13.238
3902.4712 13.286
3904.5535 13.295
3906.6358 13.289
3908.7181 13.289
3910.8003 13.299
3912.8826 13.298
3914.9649 13.303
3917.0471 13.298
3919.1294 13.312
3921.2117 13.322
3923.2940 13.314
3925.3762 13.288
3927.4585 13.275
3929.5408 13.279
3931.6230 13.302
3933.7053 13.335
3935.7876 13.361
3937.8699 13.368
3939.9521 13.346
3942.0344 13.320
3944.1167 13.308
3946.1989 13.312
3948.2812 13.318
3950.3635 13.307
3952.4457 13.290
3954.5280 13.291
3956.6103 13.321
3958.6926 13.356
3960.7748 13.378
3962.8571 13.379
3964.9394 13.372
3967.0216 13.390
3969.1039 13.423
3971.1862 13.445
3973.2685 13.451
3975.3507 13.432
3977.4330 13.386
3979.5153 13.341
3981.5975 13.316
3983.6798 13.309
3985.7621 13.302
3987.8444 13.297
3989.9266 13.300
3992.0089 13.309
3994.0912 13.311
3996.1734 13.308
3998.2557 13.297
4000.3380 13.288
4002.4202 13.291
4004.5025 13.310
4006.5848 13.320
4008.6671 13.312
4010.7493 13.308
4012.8316 13.300
4014.9139 13.299
4016.9961 13.304
4019.0784 13.318
4021.1607 13.341
4023.2430 13.365
4025.3252 13.371
4027.4075 13.353
4029.4898 13.331
4031.5720 13.319
4033.6543 13.313
4035.7366 13.308
4037.8189 13.307
4039.9011 13.304
4041.9834 13.308
4044.0657 13.322
4046.1479 13.328
4048.2302 13.315
4050.3125 13.303
4052.3948 13.301
4054.4770 13.310
4056.5593 13.334
4058.6416 13.343
4060.7238 13.339
4062.8061 13.327
4064.8884 13.324
4066.9706 13.326
4069.0529 13.333
4071.1352 13.347
4073.2175 13.352
4075.2997 13.340
4077.3820 13.324
4079.4643 13.324
4081.5465 13.327
4083.6288 13.329
4085.7111 13.345
4087.7934 13.370
4089.8756 13.388
4091.9579 13.401
4094.0402 13.423
4096.1224 13.456
4098.2047 13.483
4100.2870 13.497
4102.3693 13.498
4104.4515 13.498
4106.5338 13.499
4108.6161 13.491
4110.6983 13.458
4112.7806 13.421
4114.8629 13.407
4116.9451 13.398
4119.0274 13.388
4121.1097 13.377
4123.1920 13.371
4125.2742 13.357
4127.3565 13.350
4129.4388 13.345
4131.5210 13.346
4133.6033 13.350
4135.6856 13.364
4137.7679 13.369
4139.8501 13.370
4141.9324 13.377
4144.0147 13.379
4146.0969 13.373
4148.1792 13.353
4150.2615 13.343
4152.3438 13.344
4154.4260 13.361
4156.5083 13.377
4158.5906 13.390
4160.6728 13.390
4162.7551 13.393
4164.8374 13.390
4166.9196 13.379
4169.0019 13.374
4171.0842 13.378
4173.1665 13.377
4175.2487 13.369
4177.3310 13.372
4179.4133 13.373
4181.4955 13.375
4183.5778 13.371
4185.6601 13.373
4187.7424 13.381
4189.8246 13.401
4191.9069 13.421
4193.9892 13.430
4196.0714 13.435
4198.1537 13.443
4200.2360 13.453
4202.3183 13.452
4204.4005 13.447
4206.4828 13.439
4208.5651 13.431
4210.6473 13.416
4212.7296 13.408
4214.8119 13.392
4216.8942 13.388
4218.9764 13.399
4221.0587 13.419
4223.1410 13.419
4225.2232 13.399
4227.3055 13.384
4229.3878 13.386
4231.4700 13.400
4233.5523 13.414
4235.6346 13.423
4237.7169 13.419
4239.7991 13.418
4241.8814 13.439
4243.9637 13.518
4246.0459 13.543
4248.1282 13.512
4250.2105 13.452
4252.2928 13.423
4254.3750 13.428
4256.4573 13.432
4258.5396 13.425
4260.6218 13.420
4262.7041 13.422
4264.7864 13.426
4266.8687 13.434
4268.9509 13.438
4271.0332 13.433
4273.1155 13.420
4275.1977 13.418
4277.2800 13.423
4279.3623 13.432
4281.4445 13.437
4283.5268 13.438
4285.6091 13.435
4287.6914 13.436
4289.7736 13.436
4291.8559 13.432
4293.9382 13.432
4296.0204 13.439
4298.1027 13.448
4300.1850 13.454
4302.2673 13.455
4304.3495 13.455
4306.4318 13.457
4308.5141 13.462
4310.5963 13.475
4312.6786 13.484
4314.7609 13.482
4316.8432 13.473
4318.9254 13.468
4321.0077 13.477
4323.0900 13.495
4325.1722 13.508
4327.2545 13.517
4329.3368 13.527
4331.4191 13.549
4333.5013 13.581
4335.5836 13.609
4337.6659 13.632
4339.7481 13.650
4341.8304 13.651
4343.9127 13.645
4345.9949 13.627
4348.0772 13.598
4350.1595 13.567
4352.2418 13.542
4354.3240 13.527
4356.4063 13.516
4358.4886 13.511
4360.5708 13.503
4362.6531 13.488
4364.7354 13.475
4366.8177 13.473
4368.8999 13.483
4370.9822 13.491
4373.0645 13.496
4375.1467 13.493
4377.2290 13.497
4379.3113 13.504
4381.3936 13.508
4383.4758 13.501
4385.5581 13.490
4387.6404 13.484
4389.7226 13.480
4391.8049 13.476
4393.8872 13.475
4395.9694 13.486
4398.0517 13.499
4400.1340 13.502
4402.2163 13.495
4404.2985 13.494
4406.3808 13.501
4408.4631 13.505
4410.5453 13.503
4412.6276 13.496
4414.7099 13.488
4416.7922 13.490
4418.8744 13.500
4420.9567 13.505
4423.0390 13.507
4425.1212 13.508
4427.2035 13.508
4429.2858 13.499
4431.3681 13.491
4433.4503 13.491
4435.5326 13.498
4437.6149 13.512
4439.6971 13.519
4441.7794 13.518
4443.8617 13.518
4445.9440 13.525
4448.0262 13.532
4450.1085 13.536
4452.1908 13.536
4454.2730 13.530
4456.3553 13.514
4458.4376 13.501
4460.5198 13.494
4462.6021 13.489
4464.6844 13.489
4466.7667 13.500
4468.8489 13.508
4470.9312 13.511
4473.0135 13.517
4475.0957 13.536
4477.1780 13.554
4479.2603 13.562
4481.3426 13.553
4483.4248 13.540
4485.5071 13.525
4487.5894 13.521
4489.6716 13.521
4491.7539 13.518
4493.8362 13.516
4495.9185 13.525
4498.0007 13.530
4500.0830 13.531
4502.1653 13.530
4504.2475 13.529
4506.3298 13.527
4508.4121 13.522
4510.4943 13.520
4512.5766 13.520
4514.6589 13.531
4516.7412 13.537
4518.8234 13.531
4520.9057 13.517
4522.9880 13.519
4525.0702 13.539
4527.1525 13.551
4529.2348 13.553
4531.3171 13.556
4533.3993 13.575
4535.4816 13.601
4537.5639 13.626
4539.6461 13.632
4541.7284 13.622
4543.8107 13.615
4545.8930 13.615
4547.9752 13.613
4550.0575 13.601
4552.1398 13.582
4554.2220 13.559
4556.3043 13.536
4558.3866 13.530
4560.4689 13.538
4562.5511 13.543
4564.6334 13.542
4566.7157 13.546
4568.7979 13.557
4570.8802 13.561
4572.9625 13.555
4575.0447 13.546
4577.1270 13.554
4579.2093 13.561
4581.2916 13.562
4583.3738 13.556
4585.4561 13.554
4587.5384 13.556
4589.6206 13.556
4591.7029 13.552
4593.7852 13.563
4595.8675 13.571
4597.9497 13.572
4600.0320 13.568
4602.1143 13.572
4604.1965 13.578
4606.2788 13.586
4608.3611 13.590
4610.4434 13.589
4612.5256 13.588
4614.6079 13.587
4616.6902 13.590
4618.7724 13.588
4620.8547 13.582
4622.9370 13.576
4625.0192 13.572
4627.1015 13.571
4629.1838 13.576
4631.2661 13.579
4633.3483 13.578
4635.4306 13.577
4637.5129 13.578
4639.5951 13.578
4641.6774 13.575
4643.7597 13.573
4645.8420 13.569
4647.9242 13.568
4650.0065 13.578
4652.0888 13.594
4654.1710 13.597
4656.2533 13.585
4658.3356 13.577
4660.4179 13.578
4662.5001 13.583
4664.5824 13.587
4666.6647 13.588
4668.7469 13.583
4670.8292 13.572
4672.9115 13.569
4674.9937 13.579
4677.0760 13.603
4679.1583 13.633
4681.2406 13.663
4683.3228 13.688
4685.4051 13.711
4687.4874 13.723
4689.5696 13.711
4691.6519 13.684
4693.7342 13.653
4695.8165 13.626
4697.8987 13.603
4699.9810 13.592
4702.0633 13.591
4704.1455 13.593
4706.2278 13.590
4708.3101 13.585
4710.3924 13.581
4712.4746 13.586
4714.5569 13.600
4716.6392 13.613
4718.7214 13.602
4720.8037 13.584
4722.8860 13.580
4724.9683 13.595
4727.0505 13.604
4729.1328 13.606
4731.2151 13.603
4733.2973 13.596
4735.3796 13.604
4737.4619 13.608
4739.5441 13.606
4741.6264 13.603
4743.7087 13.617
4745.7910 13.626
4747.8732 13.626
4749.9555 13.625
4752.0378 13.646
4754.1200 13.657
4756.2023 13.654
4758.2846 13.643
4760.3669 13.640
4762.4491 13.640
4764.5314 13.646
4766.6137 13.656
4768.6959 13.663
4770.7782 13.654
4772.8605 13.643
4774.9428 13.637
4777.0250 13.639
4779.1073 13.649
4781.1896 13.653
4783.2718 13.654
4785.3541 13.656
4787.4364 13.655
4789.5186 13.653
4791.6009 13.653
4793.6832 13.661
4795.7655 13.651
4797.8477 13.637
4799.9300 13.629
4802.0123 13.639
4804.0945 13.651
4806.1768 13.659
4808.2591 13.662
4810.3414 13.665
4812.4236 13.660
4814.5059 13.651
4816.5882 13.643
4818.6704 13.637
4820.7527 13.631
4822.8350 13.637
4824.9173 13.649
4826.9995 13.658
4829.0818 13.665
4831.1641 13.670
4833.2463 13.676
4835.3286 13.682
4837.4109 13.695
4839.4932 13.692
4841.5754 13.694
4843.6577 13.700
4845.7400 13.711
4847.8222 13.715
4849.9045 13.733
4851.9868 13.759
4854.0690 13.786
4856.1513 13.816
4858.2336 13.864
4860.3159 13.899
4862.3981 13.904
4864.4804 13.883
4866.5627 13.851
4868.6449 13.813
4870.7272 13.777
4872.8095 13.756
4874.8918 13.730
4876.9740 13.714
4879.0563 13.711
4881.1386 13.713
4883.2208 13.707
4885.3031 13.695
4887.3854 13.682
4889.4677 13.675
4891.5499 13.676
4893.6322 13.690
4895.7145 13.705
4897.7967 13.711
4899.8790 13.703
4901.9613 13.688
4904.0435 13.682
4906.1258 13.690
4908.2081 13.714
4910.2904 13.716
4912.3726 13.711
4914.4549 13.712
4916.5372 13.716
4918.6194 13.713
4920.7017 13.716
4922.7840 13.721
4924.8663 13.715
4926.9485 13.706
4929.0308 13.700
4931.1131 13.697
4933.1953 13.694
4935.2776 13.699
4937.3599 13.699
4939.4422 13.697
4941.5244 13.696
4943.6067 13.708
4945.6890 13.717
4947.7712 13.724
4949.8535 13.732
4951.9358 13.736
4954.0181 13.738
4956.1003 13.740
4958.1826 13.741
4960.2649 13.730
4962.3471 13.727
4964.4294 13.719
4966.5117 13.714
4968.5939 13.706
4970.6762 13.711
4972.7585 13.713
4974.8408 13.715
4976.9230 13.714
4979.0053 13.713
4981.0876 13.723
4983.1698 13.731
4985.2521 13.730
4987.3344 13.720
4989.4167 13.715
4991.4989 13.712
4993.5812 13.715
4995.6635 13.720
4997.7457 13.728
4999.8280 13.726
5001.9103 13.722
5003.9926 13.723
5006.0748 13.744
5008.1571 13.756
5010.2394 13.758
5012.3216 13.752
5014.4039 13.746
5016.4862 13.738
5018.5684 13.735
5020.6507 13.740
5022.7330 13.745
5024.8153 13.748
5026.8975 13.749
5028.9798 13.750
5031.0621 13.755
5033.1443 13.765
5035.2266 13.771
5037.3089 13.767
5039.3912 13.765
5041.4734 13.761
5043.5557 13.759
5045.6380 13.756
5047.7202 13.761
5049.8025 13.762
5051.8848 13.770
5053.9671 13.778
5056.0493 13.781
5058.1316 13.762
5060.2139 13.749
5062.2961 13.751
5064.3784 13.763
5066.4607 13.764
5068.5429 13.775
5070.6252 13.787
5072.7075 13.794
5074.7898 13.797
5076.8720 13.797
5078.9543 13.791
5081.0366 13.784
5083.1188 13.793
5085.2011 13.800
5087.2834 13.799
5089.3657 13.784
5091.4479 13.765
5093.5302 13.763
5095.6125 13.766
5097.6947 13.764
5099.7770 13.754
5101.8593 13.749
5103.9416 13.752
5106.0238 13.757
5108.1061 13.756
5110.1884 13.762
5112.2706 13.770
5114.3529 13.777
5116.4352 13.775
5118.5175 13.764
5120.5997 13.754
5122.6820 13.753
5124.7643 13.758
5126.8465 13.772
5128.9288 13.788
5131.0111 13.796
5133.0933 13.794
5135.1756 13.782
5137.2579 13.778
5139.3402 13.783
5141.4224 13.784
5143.5047 13.775
5145.5870 13.780
5147.6692 13.786
5149.7515 13.791
5151.8338 13.790
5153.9161 13.786
5155.9983 13.780
5158.0806 13.770
5160.1629 13.767
5162.2451 13.774
5164.3274 13.785
5166.4097 13.782
5168.4920 13.775
5170.5742 13.770
5172.6565 13.773
5174.7388 13.769
5176.8210 13.760
5178.9033 13.753
5180.9856 13.753
5183.0678 13.761
5185.1501 13.772
5187.2324 13.786
5189.3147 13.790
5191.3969 13.790
5193.4792 13.785
5195.5615 13.783
5197.6437 13.776
5199.7260 13.781
5201.8083 13.795
5203.8906 13.813
5205.9728 13.811
5208.0551 13.800
5210.1374 13.799
5212.2196 13.798
5214.3019 13.794
5216.3842 13.797
5218.4665 13.797
5220.5487 13.787
5222.6310 13.781
5224.7133 13.788
5226.7955 13.810
5228.8778 13.839
5230.9601 13.858
5233.0424 13.859
5235.1246 13.839
5237.2069 13.819
5239.2892 13.797
5241.3714 13.793
5243.4537 13.796
5245.5360 13.800
5247.6182 13.803
5249.7005 13.806
5251.7828 13.796
5253.8651 13.794
5255.9473 13.803
5258.0296 13.812
5260.1119 13.803
5262.1941 13.790
5264.2764 13.779
5266.3587 13.776
5268.4410 13.787
5270.5232 13.801
5272.6055 13.811
5274.6878 13.798
5276.7700 13.785
5278.8523 13.780
5280.9346 13.793
5283.0169 13.810
5285.0991 13.819
5287.1814 13.812
5289.2637 13.811
5291.3459 13.816
5293.4282 13.817
5295.5105 13.808
5297.5927 13.799
5299.6750 13.799
5301.7573 13.813
5303.8396 13.822
5305.9218 13.809
5308.0041 13.791
5310.0864 13.807
5312.1686 13.838
5314.2509 13.844
5316.3332 13.826
5318.4155 13.808
5320.4977 13.802
5322.5800 13.810
5324.6623 13.820
5326.7445 13.819
5328.8268 13.806
5330.9091 13.822
5332.9914 13.837
5335.0736 13.846
5337.1559 13.850
5339.2382 13.863
5341.3204 13.865
5343.4027 13.860
5345.4850 13.865
5347.5673 13.868
5349.6495 13.868
5351.7318 13.843
5353.8141 13.833
5355.8963 13.841
5357.9786 13.856
5360.0609 13.866
5362.1431 13.869
5364.2254 13.860
5366.3077 13.855
5368.3900 13.859
5370.4722 13.869
5372.5545 13.884
5374.6368 13.880
5376.7190 13.880
5378.8013 13.892
5380.8836 13.899
5382.9659 13.909
5385.0481 13.915
5387.1304 13.909
5389.2127 13.903
5391.2949 13.894
5393.3772 13.900
5395.4595 13.914
5397.5418 13.940
5399.6240 13.950
5401.7063 13.956
5403.7886 13.967
5405.8708 13.986
5407.9531 14.002
5410.0354 14.016
5412.1176 14.021
5414.1999 14.012
5416.2822 13.992
5418.3645 13.970
5420.4467 13.946
5422.5290 13.927
5424.6113 13.931
5426.6935 13.931
5428.7758 13.924
5430.8581 13.912
5432.9404 13.914
5435.0226 13.924
5437.1049 13.934
5439.1872 13.939
5441.2694 13.943
5443.3517 13.951
5445.4340 13.943
5447.5163 13.924
5449.5985 13.918
5451.6808 13.920
5453.7631 13.915
5455.8453 13.910
5457.9276 13.910
5460.0099 13.930
5462.0921 13.955
5464.1744 13.970
5466.2567 13.964
5468.3390 13.943
5470.4212 13.933
5472.5035 13.930
5474.5858 13.932
5476.6680 13.942
5478.7503 13.946
5480.8326 13.938
5482.9149 13.924
5484.9971 13.924
5487.0794 13.922
5489.1617 13.918
5491.2439 13.912
5493.3262 13.907
5495.4085 13.919
5497.4908 13.929
5499.5730 13.924
5501.6553 13.914
5503.7376 13.916
5505.8198 13.919
5507.9021 13.921
5509.9844 13.925
5512.0667 13.921
5514.1489 13.916
5516.2312 13.915
5518.3135 13.910
5520.3957 13.905
5522.4780 13.903
5524.5603 13.909
5526.6425 13.923
5528.7248 13.929
5530.8071 13.929
5532.8894 13.929
5534.9716 13.940
5537.0539 13.944
5539.1362 13.922
5541.2184 13.895
5543.3007 13.881
5545.3830 13.887
5547.4653 13.897
5549.5475 13.901
5551.6298 13.902
5553.7121 13.909
5555.7943 13.917
5557.8766 13.928
5559.9589 13.941
5562.0412 13.951
5564.1234 13.950
5566.2057 13.931
5568.2880 13.909
5570.3702 13.897
5572.4525 13.872
5574.5348 13.828
5576.6170 13.790
5578.6993 13.782
5580.7816 13.805
5582.8639 13.844
5584.9461 13.887
5587.0284 13.923
5589.1107 13.941
5591.1929 13.955
5593.2752 13.961
5595.3575 13.950
5597.4398 13.929
5599.5220 13.926
5601.6043 13.929
5603.6866 13.935
5605.7688 13.932
5607.8511 13.925
5609.9334 13.920
5612.0157 13.917
5614.0979 13.908
5616.1802 13.873
5618.2625 13.876
5620.3447 13.899
5622.4270 13.923
5624.5093 13.926
5626.5916 13.931
5628.6738 13.942
5630.7561 13.960
5632.8384 13.957
5634.9206 13.957
5637.0029 13.959
5639.0852 13.960
5641.1674 13.948
5643.2497 13.928
5645.3320 13.908
5647.4143 13.897
5649.4965 13.901
5651.5788 13.919
5653.6611 13.931
5655.7433 13.950
5657.8256 13.972
5659.9079 13.992
5661.9902 14.004
5664.0724 14.004
5666.1547 13.994
5668.2370 13.973
5670.3192 13.967
5672.4015 13.963
5674.4838 13.963
5676.5661 13.955
5678.6483 13.961
5680.7306 13.967
5682.8129 13.967
5684.8951 13.959
5686.9774 13.950
5689.0597 13.958
5691.1419 13.969
5693.2242 13.968
5695.3065 13.975
5697.3888 13.994
5699.4710 14.001
5701.5533 14.001
5703.6356 14.000
5705.7178 14.003
5707.8001 14.000
5709.8824 13.997
5711.9647 13.984
5714.0469 13.971
5716.1292 13.964
5718.2115 13.974
5720.2937 13.988
5722.3760 13.991
5724.4583 13.990
5726.5406 13.991
5728.6228 13.994
5730.7051 14.004
5732.7874 14.010
5734.8696 14.002
5736.9519 14.002
5739.0342 13.995
5741.1165 13.985
5743.1987 13.967
5745.2810 13.955
5747.3633 13.953
5749.4455 13.957
5751.5278 13.962
5753.6101 13.969
5755.6923 13.962
5757.7746 13.950
5759.8569 13.936
5761.9392 13.940
5764.0214 13.956
5766.1037 13.976
5768.1860 13.988
5770.2682 13.991
5772.3505 13.990
5774.4328 13.990
5776.5151 13.982
5778.5973 13.975
5780.6796 13.970
5782.7619 13.984
5784.8441 13.990
5786.9264 13.991
5789.0087 13.996
5791.0910 14.013
5793.1732 14.019
5795.2555 14.012
5797.3378 14.001
5799.4200 13.989
5801.5023 13.988
5803.5846 13.987
5805.6668 13.981
5807.7491 13.971
5809.8314 13.972
5811.9137 13.978
5813.9959 13.998
5816.0782 14.010
5818.1605 14.016
5820.2427 14.008
5822.3250 13.998
5824.4073 13.999
5826.4896 14.005
5828.5718 14.016
5830.6541 14.027
5832.7364 14.028
5834.8186 14.018
5836.9009 14.008
5838.9832 14.003
5841.0655 14.000
5843.1477 13.988
5845.2300 13.979
5847.3123 13.975
5849.3945 13.983
5851.4768 13.983
5853.5591 13.986
5855.6413 13.991
5857.7236 14.003
5859.8059 14.004
5861.8882 13.994
5863.9704 13.979
5866.0527 13.973
5868.1350 13.974
5870.2172 13.974
5872.2995 13.967
5874.3818 13.957
5876.4641 13.962
5878.5463 13.963
5880.6286 13.975
5882.7109 13.998
5884.7931 14.034
5886.8754 14.056
5888.9577 14.068
5891.0400 14.071
5893.1222 14.057
5895.2045 14.040
5897.2868 14.036
5899.3690 14.040
5901.4513 14.045
5903.5336 14.032
5905.6159 14.018
5907.6981 14.006
5909.7804 14.001
5911.8627 14.004
5913.9449 14.009
5916.0272 14.011
5918.1095 14.014
5920.1917 14.017
5922.2740 14.017
5924.3563 14.039
5926.4386 14.071
5928.5208 14.093
5930.6031 14.109
5932.6854 14.127
5934.7676 14.106
5936.8499 14.078
5938.9322 14.057
5941.0145 14.049
5943.0967 14.048
5945.1790 14.036
5947.2613 14.035
5949.3435 14.043
5951.4258 14.058
5953.5081 14.074
5955.5904 14.070
5957.6726 14.070
5959.7549 14.076
5961.8372 14.090
5963.9194 14.101
5966.0017 14.107
5968.0840 14.110
5970.1662 14.114
5972.2485 14.108
5974.3308 14.099
5976.4131 14.082
5978.4953 14.057
5980.5776 14.040
5982.6599 14.039
5984.7421 14.044
5986.8244 14.052
5988.9067 14.057
5990.9890 14.066
5993.0712 14.074
5995.1535 14.079
5997.2358 14.085
5999.3180 14.106
6001.4003 14.126
6003.4826 14.135
6005.5649 14.116
6007.6471 14.095
6009.7294 14.085
6011.8117 14.083
6013.8939 14.088
6015.9762 14.101
6018.0585 14.119
6020.1408 14.133
6022.2230 14.137
6024.3053 14.127
6026.3876 14.128
6028.4698 14.143
6030.5521 14.170
6032.6344 14.180
6034.7166 14.165
6036.7989 14.138
6038.8812 14.108
6040.9635 14.100
6043.0457 14.103
6045.1280 14.106
6047.2103 14.103
6049.2925 14.092
6051.3748 14.083
6053.4571 14.084
6055.5394 14.099
6057.6216 14.128
6059.7039 14.144
6061.7862 14.142
6063.8684 14.132
6065.9507 14.127
6068.0330 14.110
6070.1153 14.099
6072.1975 14.098
6074.2798 14.105
6076.3621 14.097
6078.4443 14.086
6080.5266 14.080
6082.6089 14.084
6084.6911 14.100
6086.7734 14.110
6088.8557 14.111
6090.9380 14.106
6093.0202 14.116
6095.1025 14.138
6097.1848 14.154
6099.2670 14.157
6101.3493 14.142
6103.4316 14.151
6105.5139 14.158
6107.5961 14.146
6109.6784 14.093
6111.7607 14.054
6113.8429 14.054
6115.9252 14.076
6118.0075 14.104
6120.0898 14.119
6122.1720 14.123
6124.2543 14.119
6126.3366 14.113
6128.4188 14.115
6130.5011 14.122
6132.5834 14.132
6134.6657 14.141
6136.7479 14.124
6138.8302 14.099
6140.9125 14.095
6142.9947 14.114
6145.0770 14.141
6147.1593 14.141
6149.2415 14.125
6151.3238 14.107
6153.4061 14.113
6155.4884 14.126
6157.5706 14.122
6159.6529 14.110
6161.7352 14.100
6163.8174 14.120
6165.8997 14.135
6167.9820 14.143
6170.0643 14.145
6172.1465 14.159
6174.2288 14.175
6176.3111 14.184
6178.3933 14.182
6180.4756 14.177
6182.5579 14.185
6184.6402 14.192
6186.7224 14.196
6188.8047 14.204
6190.8870 14.218
6192.9692 14.226
6195.0515 14.224
6197.1338 14.215
6199.2160 14.204
6201.2983 14.194
6203.3806 14.184
6205.4629 14.176
6207.5451 14.172
6209.6274 14.168
6211.7097 14.165
6213.7919 14.163
6215.8742 14.167
6217.9565 14.181
6220.0388 14.200
6222.1210 14.221
6224.2033 14.228
6226.2856 14.217
6228.3678 14.204
6230.4501 14.198
6232.5324 14.198
6234.6147 14.192
6236.6969 14.186
6238.7792 14.181
6240.8615 14.170
6242.9437 14.170
6245.0260 14.182
6247.1083 14.201
6249.1906 14.213
6251.2728 14.208
6253.3551 14.190
6255.4374 14.167
6257.5196 14.155
6259.6019 14.164
6261.6842 14.157
6263.7664 14.148
6265.8487 14.151
6267.9310 14.185
6270.0133 14.215
6272.0955 14.236
6274.1778 14.247
6276.2601 14.263
6278.3423 14.278
6280.4246 14.282
6282.5069 14.273
6284.5892 14.261
6286.6714 14.259
6288.7537 14.260
6290.8360 14.265
6292.9182 14.275
6295.0005 14.270
6297.0828 14.252
6299.1651 14.226
6301.2473 14.205
6303.3296 14.211
6305.4119 14.226
6307.4941 14.240
6309.5764 14.237
6311.6587 14.223
6313.7409 14.225
6315.8232 14.235
6317.9055 14.245
6319.9878 14.225
6322.0700 14.206
6324.1523 14.195
6326.2346 14.196
6328.3168 14.224
6330.3991 14.248
6332.4814 14.261
6334.5637 14.260
6336.6459 14.262
6338.7282 14.272
6340.8105 14.288
6342.8927 14.307
6344.9750 14.315
6347.0573 14.303
6349.1396 14.286
6351.2218 14.269
6353.3041 14.253
6355.3864 14.253
6357.4686 14.264
6359.5509 14.280
6361.6332 14.294
6363.7154 14.275
6365.7977 14.247
6367.8800 14.226
6369.9623 14.225
6372.0445 14.240
6374.1268 14.244
6376.2091 14.231
6378.2913 14.202
6380.3736 14.187
6382.4559 14.205
6384.5382 14.234
6386.6204 14.259
6388.7027 14.254
6390.7850 14.248
6392.8672 14.244
6394.9495 14.238
6397.0318 14.223
6399.1141 14.217
6401.1963 14.215
6403.2786 14.211
6405.3609 14.201
6407.4431 14.194
6409.5254 14.188
6411.6077 14.182
6413.6900 14.176
6415.7722 14.176
6417.8545 14.181
6419.9368 14.188
6422.0190 14.195
6424.1013 14.202
6426.1836 14.220
6428.2658 14.242
6430.3481 14.264
6432.4304 14.272
6434.5127 14.276
6436.5949 14.279
6438.6772 14.283
6440.7595 14.289
6442.8417 14.292
6444.9240 14.287
6447.0063 14.276
6449.0886 14.264
6451.1708 14.270
6453.2531 14.268
6455.3354 14.253
6457.4176 14.218
6459.4999 14.205
6461.5822 14.214
6463.6645 14.238
6465.7467 14.267
6467.8290 14.283
6469.9113 14.289
6471.9935 14.289
6474.0758 14.287
6476.1581 14.281
6478.2403 14.273
6480.3226 14.264
6482.4049 14.255
6484.4872 14.242
6486.5694 14.238
6488.6517 14.245
6490.7340 14.260
6492.8162 14.277
6494.8985 14.269
6496.9808 14.262
6499.0631 14.267
6501.1453 14.301
6503.2276 14.319
6505.3099 14.310
6507.3921 14.281
6509.4744 14.245
6511.5567 14.232
6513.6390 14.244
6515.7212 14.270
6517.8035 14.296
6519.8858 14.278
6521.9680 14.245
6524.0503 14.217
6526.1326 14.208
6528.2149 14.218
6530.2971 14.230
6532.3794 14.239
6534.4617 14.240
6536.5439 14.228
6538.6262 14.231
6540.7085 14.250
6542.7907 14.280
6544.8730 14.303
6546.9553 14.317
6549.0376 14.331
6551.1198 14.348
6553.2021 14.372
6555.2844 14.402
6557.3666 14.433
6559.4489 14.457
6561.5312 14.465
6563.6135 14.453
6565.6957 14.440
6567.7780 14.433
6569.8603 14.433
6571.9425 14.418
6574.0248 14.388
6576.1071 14.357
6578.1894 14.338
6580.2716 14.342
6582.3539 14.345
6584.4362 14.346
6586.5184 14.340
6588.6007 14.313
6590.6830 14.286
6592.7652 14.278
6594.8475 14.288
6596.9298 14.301
6599.0121 14.289
6601.0943 14.275
6603.1766 14.261
6605.2589 14.250
6607.3411 14.248
6609.4234 14.255
6611.5057 14.268
6613.5880 14.280
6615.6702 14.292
6617.7525 14.303
6619.8348 14.312
6621.9170 14.315
6623.9993 14.298
6626.0816 14.281
6628.1639 14.272
6630.2461 14.279
6632.3284 14.297
6634.4107 14.308
6636.4929 14.307
6638.5752 14.292
6640.6575 14.268
6642.7398 14.257
6644.8220 14.257
6646.9043 14.264
6648.9866 14.273
6651.0688 14.274
6653.1511 14.266
6655.2334 14.257
6657.3156 14.259
6659.3979 14.260
6661.4802 14.251
6663.5625 14.245
6665.6447 14.255
6667.7270 14.261
6669.8093 14.255
6671.8915 14.248
6673.9738 14.247
6676.0561 14.256
6678.1384 14.261
6680.2206 14.269
6682.3029 14.285
6684.3852 14.301
6686.4674 14.307
6688.5497 14.309
6690.6320 14.308
6692.7143 14.288
6694.7965 14.263
6696.8788 14.250
6698.9611 14.255
6701.0433 14.278
6703.1256 14.303
6705.2079 14.312
6707.2901 14.306
6709.3724 14.290
6711.4547 14.280
6713.5370 14.281
6715.6192 14.287
6717.7015 14.294
6719.7838 14.296
6721.8660 14.289
6723.9483 14.278
6726.0306 14.262
6728.1129 14.242
6730.1951 14.236
6732.2774 14.236
6734.3597 14.240
6736.4419 14.247
6738.5242 14.264
6740.6065 14.274
6742.6888 14.275
6744.7710 14.271
6746.8533 14.276
6748.9356 14.286
6751.0178 14.299
6753.1001 14.310
6755.1824 14.307
6757.2646 14.301
6759.3469 14.301
6761.4292 14.315
6763.5115 14.320
6765.5937 14.315
6767.6760 14.313
6769.7583 14.320
6771.8405 14.310
6773.9228 14.295
6776.0051 14.276
6778.0874 14.255
6780.1696 14.238
6782.2519 14.262
6784.3342 14.302
6786.4164 14.338
6788.4987 14.323
6790.5810 14.262
6792.6633 14.229
6794.7455 14.241
6796.8278 14.295
6798.9101 14.318
6800.9923 14.317
6803.0746 14.299
6805.1569 14.275
6807.2392 14.261
6809.3214 14.263
6811.4037 14.269
6813.4860 14.267
6815.5682 14.245
6817.6505 14.245
6819.7328 14.259
6821.8150 14.277
6823.8973 14.270
6825.9796 14.281
6828.0619 14.326
6830.1441 14.405
6832.2264 14.463
6834.3087 14.447
6836.3909 14.417
6838.4732 14.390
6840.5555 14.366
6842.6378 14.330
6844.7200 14.302
6846.8023 14.288
6848.8846 14.281
6850.9668 14.274
6853.0491 14.262
6855.1314 14.250
6857.2137 14.246
6859.2959 14.262
6861.3782 14.289
6863.4605 14.335
6865.5427 14.409
6867.6250 14.555
6869.7073 14.657
6871.7895 14.690
6873.8718 14.643
6875.9541 14.566
6878.0364 14.504
6880.1186 14.453
6882.2009 14.416
6884.2832 14.414
6886.3654 14.436
6888.4477 14.453
6890.5300 14.453
6892.6123 14.427
6894.6945 14.433
6896.7768 14.458
6898.8591 14.485
6900.9413 14.483
6903.0236 14.444
6905.1059 14.409
6907.1882 14.382
6909.2704 14.362
6911.3527 14.350
6913.4350 14.355
6915.5172 14.370
6917.5995 14.388
6919.6818 14.393
6921.7641 14.371
6923.8463 14.344
6925.9286 14.326
6928.0109 14.350
6930.0931 14.364
6932.1754 14.378
6934.2577 14.395
6936.3399 14.416
6938.4222 14.427
6940.5045 14.423
6942.5868 14.406
6944.6690 14.384
6946.7513 14.376
6948.8336 14.367
6950.9158 14.353
6952.9981 14.324
6955.0804 14.305
6957.1627 14.301
6959.2449 14.311
6961.3272 14.332
6963.4095 14.354
6965.4917 14.369
6967.5740 14.375
6969.6563 14.367
6971.7386 14.346
6973.8208 14.327
6975.9031 14.314
6977.9854 14.304
6980.0676 14.290
6982.1499 14.271
6984.2322 14.271
6986.3144 14.299
6988.3967 14.342
6990.4790 14.366
6992.5613 14.369
6994.6435 14.358
6996.7258 14.359
6998.8081 14.386
7000.8903 14.408
7002.9726 14.417
7005.0549 14.406
7007.1372 14.403
7009.2194 14.392
7011.3017 14.376
7013.3840 14.357
7015.4662 14.361
7017.5485 14.365
7019.6308 14.362
7021.7131 14.350
7023.7953 14.337
7025.8776 14.323
7027.9599 14.298
7030.0421 14.267
7032.1244 14.276
7034.2067 14.317
7036.2890 14.366
7038.3712 14.407
7040.4535 14.413
7042.5358 14.391
7044.6180 14.374
7046.7003 14.370
7048.7826 14.386
7050.8648 14.389
7052.9471 14.404
7055.0294 14.424
7057.1117 14.435
7059.1939 14.421
7061.2762 14.409
7063.3585 14.405
7065.4407 14.413
7067.5230 14.410
7069.6053 14.404
7071.6876 14.406
7073.7698 14.425
7075.8521 14.481
7077.9344 14.521
7080.0166 14.516
7082.0989 14.460
7084.1812 14.395
7086.2635 14.386
7088.3457 14.391
7090.4280 14.392
7092.5103 14.376
7094.5925 14.352
7096.6748 14.334
7098.7571 14.329
7100.8393 14.348
7102.9216 14.371
7105.0039 14.394
7107.0862 14.415
7109.1684 14.426
7111.2507 14.428
7113.3330 14.418
7115.4152 14.403
7117.4975 14.387
7119.5798 14.403
7121.6621 14.418
7123.7443 14.427
7125.8266 14.430
7127.9089 14.439
7129.9911 14.421
7132.0734 14.396
7134.1557 14.372
7136.2380 14.349
7138.3202 14.326
7140.4025 14.320
7142.4848 14.335
7144.5670 14.361
7146.6493 14.381
7148.7316 14.384
7150.8138 14.371
7152.8961 14.347
7154.9784 14.347
7157.0607 14.365
7159.1429 14.389
7161.2252 14.407
7163.3075 14.433
7165.3897 14.453
7167.4720 14.459
7169.5543 14.445
7171.6366 14.431
7173.7188 14.444
7175.8011 14.483
7177.8834 14.544
7179.9656 14.600
7182.0479 14.617
7184.1302 14.629
7186.2125 14.650
7188.2947 14.694
7190.3770 14.733
7192.4593 14.732
7194.5415 14.696
7196.6238 14.658
7198.7061 14.662
7200.7884 14.664
7202.8706 14.636
7204.9529 14.541
7207.0352 14.472
7209.1174 14.456
7211.1997 14.473
7213.2820 14.497
7215.3642 14.466
7217.4465 14.459
7219.5288 14.468
7221.6111 14.482
7223.6933 14.462
7225.7756 14.460
7227.8579 14.463
7229.9401 14.463
7232.0224 14.458
7234.1047 14.477
7236.1870 14.515
7238.2692 14.563
7240.3515 14.588
7242.4338 14.605
7244.5160 14.619
7246.5983 14.618
7248.6806 14.571
7250.7629 14.470
7252.8451 14.435
7254.9274 14.474
7257.0097 14.582
7259.0919 14.618
7261.1742 14.611
7263.2565 14.587
7265.3387 14.576
7267.4210 14.586
7269.5033 14.615
7271.5856 14.660
7273.6678 14.718
7275.7501 14.773
7277.8324 14.738
7279.9146 14.632
7281.9969 14.492
7284.0792 14.472
7286.1615 14.540
7288.2437 14.593
7290.3260 14.607
7292.4083 14.594
7294.4905 14.610
7296.5728 14.644
7298.6551 14.676
7300.7374 14.664
7302.8196 14.631
7304.9019 14.589
7306.9842 14.547
7309.0664 14.519
7311.1487 14.535
7313.2310 14.524
7315.3133 14.522
7317.3955 14.563
7319.4778 14.681
7321.5601 14.681
7323.6423 14.617
7325.7246 14.532
7327.8069 14.532
7329.8891 14.568
7331.9714 14.576
7334.0537 14.541
7336.1360 14.504
7338.2182 14.509
7340.3005 14.508
7342.3828 14.481
7344.4650 14.406
7346.5473 14.377
7348.6296 14.368
7350.7119 14.358
7352.7941 14.317
7354.8764 14.292
7356.9587 14.301
7359.0409 14.337
7361.1232 14.389
7363.2055 14.429
7365.2878 14.430
7367.3700 14.408
7369.4523 14.384
7371.5346 14.428
7373.6168 14.498
7375.6991 14.516
7377.7814 14.451
7379.8636 14.379
7381.9459 14.398
7384.0282 14.443
7386.1105 14.485
7388.1927 14.487
7390.2750 14.463
7392.3573 14.451
7394.4395 14.472
7396.5218 14.553
7398.6041 14.593
7400.6864 14.561
7402.7686 14.474
7404.8509 14.371
7406.9332 14.361
7409.0154 14.389
7411.0977 14.419
7413.1800 14.417
7415.2623 14.378
7417.3445 14.366
7419.4268 14.391
7421.5091 14.454
7423.5913 14.513
7425.6736 14.542
7427.7559 14.554
7429.8382 14.555
7431.9204 14.541
7434.0027 14.505
7436.0850 14.459
7438.1672 14.414
7440.2495 14.395
7442.3318 14.441
7444.4140 14.514
7446.4963 14.583
7448.5786 14.600
7450.6609 14.581
7452.7431 14.538
7454.8254 14.484
7456.9077 14.440
7458.9899 14.475
7461.0722 14.529
7463.1545 14.566
7465.2368 14.553
7467.3190 14.547
7469.4013 14.550
7471.4836 14.539
7473.5658 14.511
7475.6481 14.550
7477.7304 14.636
7479.8127 14.687
7481.8949 14.668
7483.9772 14.569
7486.0595 14.508
7488.1417 14.471
7490.2240 14.460
7492.3063 14.495
7494.3885 14.528
7496.4708 14.518
7498.5531 14.473
7500.6354 14.427
7502.7176 14.429
7504.7999 14.437
7506.8822 14.431
7508.9644 14.390
7511.0467 14.379
7513.1290 14.385
7515.2113 14.404
7517.2935 14.430
7519.3758 14.403
7521.4581 14.358
7523.5403 14.334
7525.6226 14.344
7527.7049 14.326
7529.7872 14.331
7531.8694 14.382
7533.9517 14.471
7536.0340 14.529
7538.1162 14.506
7540.1985 14.461
7542.2808 14.422
7544.3630 14.427
7546.4453 14.464
7548.5276 14.524
7550.6099 14.581
7552.6921 14.595
7554.7744 14.530
7556.8567 14.495
7558.9389 14.502
7561.0212 14.554
7563.1035 14.609
7565.1858 14.601
7567.2680 14.518
7569.3503 14.361
7571.4326 14.243
7573.5148 14.229
7575.5971 14.274
7577.6794 14.351
7579.7617 14.447
7581.8439 14.508
7583.9262 14.528
7586.0085 14.510
7588.0907 14.481
7590.1730 14.572
7592.2553 14.769
7594.3376 15.043
7596.4198 15.329
7598.5021 15.431
7600.5844 15.514
7602.6666 15.640
7604.7489 15.872
7606.8312 15.980
7608.9134 15.940
7610.9957 15.794
7613.0780 15.594
7615.1603 15.450
7617.2425 15.441
7619.3248 15.465
7621.4071 15.452
7623.4893 15.459
7625.5716 15.492
7627.6539 15.529
7629.7362 15.553
7631.8184 15.539
7633.9007 15.496
7635.9830 15.441
7638.0652 15.359
7640.1475 15.170
7642.2298 15.131
7644.3121 15.183
7646.3943 15.199
7648.4766 14.925
7650.5589 14.834
7652.6411 14.803
7654.7234 14.792
7656.8057 14.762
7658.8879 14.700
7660.9702 14.638
7663.0525 14.626
7665.1348 14.708
7667.2170 14.769
7669.2993 14.770
7671.3816 14.721
7673.4638 14.636
7675.5461 14.614
7677.6284 14.620
7679.7107 14.625
7681.7929 14.609
7683.8752 14.533
7685.9575 14.456
7688.0397 14.434
7690.1220 14.475
7692.2043 14.560
7694.2866 14.585
7696.3688 14.559
7698.4511 14.522
7700.5334 14.551
7702.6156 14.659
7704.6979 14.714
7706.7802 14.705
7708.8625 14.633
7710.9447 14.494
7713.0270 14.273
7715.1093 14.066
7717.1915 13.960
7719.2738 14.070
7721.3561 14.180
7723.4383 14.356
7725.5206 14.599
7727.6029 14.609
7729.6852 14.529
7731.7674 14.463
7733.8497 14.435
7735.9320 14.374
7738.0142 14.308
7740.0965 14.315
7742.1788 14.421
7744.2611 14.642
7746.3433 14.665
7748.4256 14.535
7750.5079 14.342
7752.5901 14.234
7754.6724 14.195
7756.7547 14.218
7758.8370 14.290
7760.9192 14.394
7763.0015 14.336
7765.0838 14.164
7767.1660 14.008
7769.2483 13.975
7771.3306 14.104
7773.4128 14.161
7775.4951 14.165
7777.5774 14.141
7779.6597 14.193
7781.7419 14.273
7783.8242 14.323
7785.9065 14.332
7787.9887 14.330
7790.0710 14.405
7792.1533 14.446
7794.2356 14.428
7796.3178 14.341
7798.4001 14.384
7800.4824 14.422
7802.5646 14.405
7804.6469 14.275
7806.7292 14.277
7808.8115 14.316
7810.8937 14.373
7812.9760 14.430
7815.0583 14.482
7817.1405 14.365
7819.2228 14.185
7821.3051 14.033
7823.3874 14.048
7825.4696 14.174
7827.5519 14.334
7829.6342 14.478
7831.7164 14.512
7833.7987 14.489
7835.8810 14.424
7837.9632 14.330
7840.0455 14.224
7842.1278 14.201
7844.2101 14.194
7846.2923 14.168
7848.3746 14.065
7850.4569 14.109
7852.5391 14.250
7854.6214 14.428
7856.7037 14.565
7858.7860 14.473
7860.8682 14.280
7862.9505 14.119
7865.0328 14.112
7867.1150 14.211
7869.1973 14.214
7871.2796 14.157
7873.3619 14.078
7875.4441 14.117
7877.5264 14.231
7879.6087 14.431
7881.6909 14.712
7883.7732 14.999
7885.8555 15.076
7887.9377 15.068
7890.0200 14.996
7892.1023 14.820
7894.1846 14.698
7896.2668 14.614
7898.3491 14.549
7900.4314 14.466
7902.5136 14.364
7904.5959 14.243
7906.6782 14.101
7908.7605 13.938
7910.8427 13.946
7912.9250 14.126
7915.0073 14.378
7917.0895 14.599
7919.1718 14.453
7921.2541 14.520
7923.3364 14.618
7925.4186 14.625
7927.5009 14.421
7929.5832 14.263
7931.6654 14.239
7933.7477 14.318
7935.8300 14.216
7937.9122 14.410
7939.9945 14.577
7942.0768 14.621
7944.1591 14.483
7946.2413 14.533
7948.3236 14.556
7950.4059 14.582
7952.4881 14.713
7954.5704 14.823
7956.6527 14.919
7958.7350 14.994
7960.8172 15.038
7962.8995 14.725
7964.9818 14.406
7967.0640 14.206
7969.1463 14.196
7971.2286 14.046
7973.3109 13.875
7975.3931 13.889
7977.4754 14.149
7979.5577 14.341
7981.6399 14.408
7983.7222 14.449
7985.8045 14.508
7987.8868 14.622
7989.9690 14.746
7992.0513 14.897
7994.1336 14.987
7996.2158 14.801
7998.2981 14.447
8000.3804  9.451
8002.4626  2.840
8004.5449  0.092
8006.6272  0.000
8008.7095  0.000
8010.7917  0.000
8012.8740  0.000
8014.9563  0.000
8017.0385  0.000
8019.1208  0.000
8021.2031  0.000
8023.2854  0.000
8025.3676  0.000
8027.4499  0.000
8029.5322  0.000
8031.6144  0.000
8033.6967  0.000
8035.7790  0.000
8037.8613  0.000
8039.9435  0.000
8042.0258  0.000
8044.1081  0.000
8046.1903  0.000
8048.2726  0.000
8050.3549  0.000
8052.4371  0.000
8054.5194  0.000
8056.6017  0.000
8058.6840  0.000
8060.7662  0.000
8062.8485  0.000
8064.9308  0.000
8067.0130  0.000
8069.0953  0.000
8071.1776  0.000
8073.2599  0.000
8075.3421  0.000
8077.4244  0.000
8079.5067  0.000
8081.5889  0.000
8083.6712  0.000
8085.7535  0.000
8087.8358  0.000
8089.9180  0.000
8092.0003  0.000
8094.0826  0.000
8096.1648  0.000
8098.2471  0.000
8100.3294  0.000
8102.4117  0.000
8104.4939  0.000
8106.5762  0.000
8108.6585  0.000
8110.7407  0.000
8112.8230  0.000
8114.9053  0.000
8116.9875  0.000
8119.0698  0.000
8121.1521  0.000
8123.2344  0.000
8125.3166  0.000
8127.3989  0.000
8129.4812  0.000
8131.5634  0.000
8133.6457  0.000
8135.7280  0.000
8137.8103  0.000
8139.8925  0.000
8141.9748  0.000
8144.0571  0.000
8146.1393  0.000
8148.2216  0.000
8150.3039  0.000
8152.3862  0.000
8154.4684  0.000
8156.5507  0.000
8158.6330  0.000
8160.7152  0.000
8162.7975  0.000
8164.8798  0.000
8166.9620  0.000
8169.0443  0.000
8171.1266  0.000
8173.2089  0.000
8175.2911  0.000
8177.3734  0.000
8179.4557  0.000
8181.5379  0.000
8183.6202  0.000
8185.7025  0.000
8187.7848  0.000
8189.8670  0.000
