 1200.0   14.143   10.0
 1210.0   14.568   10.0
 1220.0   14.778   10.0
 1230.0   14.170   10.0
 1240.0   14.098   10.0
 1250.0   14.106   10.0
 1260.0   14.128   10.0
 1270.0   14.112   10.0
 1280.0   14.118   10.0
 1290.0   14.126   10.0
 1300.0   14.156   10.0
 1310.0   14.155   10.0
 1320.0   14.157   10.0
 1330.0   14.185   10.0
 1340.0   14.190   10.0
 1350.0   14.190   10.0
 1360.0   14.200   10.0
 1370.0   14.209   10.0
 1380.0   14.221   10.0
 1390.0   14.229   10.0
 1400.0   14.245   10.0
 1410.0   14.251   10.0
 1420.0   14.267   10.0
 1430.0   14.273   10.0
 1440.0   14.283   10.0
 1450.0   14.290   10.0
 1460.0   14.300   10.0
 1470.0   14.312   10.0
 1480.0   14.324   10.0
 1490.0   14.332   10.0
 1500.0   14.343   10.0
 1510.0   14.346   10.0
 1520.0   14.364   10.0
 1530.0   14.381   10.0
 1540.0   14.380   10.0
 1550.0   14.397   10.0
 1560.0   14.388   10.0
 1570.0   14.406   10.0
 1580.0   14.419   10.0
 1590.0   14.430   10.0
 1600.0   14.443   10.0
 1610.0   14.453   10.0
 1620.0   14.450   10.0
 1630.0   14.461   10.0
 1640.0   14.465   10.0
 1650.0   14.479   10.0
 1660.0   14.491   10.0
 1670.0   14.510   10.0
 1680.0   14.498   10.0
 1690.0   14.503   10.0
 1700.0   14.504   10.0
 1710.0   14.525   10.0
 1720.0   14.525   10.0
 1730.0   14.527   10.0
 1740.0   14.535   10.0
 1750.0   14.548   10.0
 1760.0   14.561   10.0
 1770.0   14.563   10.0
 1780.0   14.569   10.0
 1790.0   14.577   10.0
 1800.0   14.584   10.0
 1810.0   14.601   10.0
 1820.0   14.610   10.0
 1830.0   14.628   10.0
 1840.0   14.630   10.0
 1850.0   14.636   10.0
 1860.0   14.640   10.0
 1870.0   14.649   10.0
 1880.0   14.660   10.0
 1890.0   14.669   10.0
 1900.0   14.672   10.0
 1910.0   14.685   10.0
 1920.0   14.697   10.0
 1930.0   14.714   10.0
 1940.0   14.712   10.0
 1950.0   14.727   10.0
 1960.0   14.735   10.0
 1970.0   14.738   10.0
 1980.0   14.746   10.0
 1990.0   14.753   10.0
 2000.0   14.769   10.0
 2010.0   14.769   10.0
 2020.0   14.791   10.0
 2030.0   14.801   10.0
 2040.0   14.800   10.0
 2050.0   14.804   10.0
 2060.0   14.813   10.0
 2070.0   14.812   10.0
 2080.0   14.822   10.0
 2090.0   14.835   10.0
 2100.0   14.846   10.0
 2110.0   14.856   10.0
 2120.0   14.860   10.0
 2130.0   14.864   10.0
 2140.0   14.869   10.0
 2150.0   14.873   10.0
 2160.0   14.881   10.0
 2170.0   14.893   10.0
 2180.0   14.904   10.0
 2190.0   14.910   10.0
 2200.0   14.918   10.0
 2210.0   14.919   10.0
 2220.0   14.933   10.0
 2230.0   14.940   10.0
 2240.0   14.952   10.0
 2250.0   14.956   10.0
 2260.0   14.961   10.0
 2270.0   14.961   10.0
 2280.0   14.970   10.0
 2290.0   14.971   10.0
 2300.0   14.982   10.0
 2310.0   14.990   10.0
 2320.0   14.997   10.0
 2330.0   15.011   10.0
 2340.0   15.030   10.0
 2350.0   15.021   10.0
 2360.0   15.029   10.0
 2370.0   15.046   10.0
 2380.0   15.068   10.0
 2390.0   15.055   10.0
 2400.0   15.056   10.0
 2410.0   15.067   10.0
 2420.0   15.065   10.0
 2430.0   15.070   10.0
 2440.0   15.079   10.0
 2450.0   15.094   10.0
 2460.0   15.094   10.0
 2470.0   15.099   10.0
 2480.0   15.116   10.0
 2490.0   15.113   10.0
 2500.0   15.121   10.0
 2510.0   15.127   10.0
 2520.0   15.139   10.0
 2530.0   15.148   10.0
 2540.0   15.152   10.0
 2550.0   15.161   10.0
 2560.0   15.165   10.0
 2570.0   15.167   10.0
 2580.0   15.187   10.0
 2590.0   15.203   10.0
 2600.0   15.212   10.0
 2610.0   15.197   10.0
 2620.0   15.205   10.0
 2630.0   15.204   10.0
 2640.0   15.213   10.0
 2650.0   15.213   10.0
 2660.0   15.218   10.0
 2670.0   15.231   10.0
 2680.0   15.232   10.0
 2690.0   15.238   10.0
 2700.0   15.241   10.0
 2710.0   15.251   10.0
 2720.0   15.258   10.0
 2730.0   15.263   10.0
 2740.0   15.279   10.0
 2750.0   15.280   10.0
 2760.0   15.291   10.0
 2770.0   15.301   10.0
 2780.0   15.302   10.0
 2790.0   15.310   10.0
 2800.0   15.353   10.0
 2810.0   15.310   10.0
 2820.0   15.332   10.0
 2830.0   15.336   10.0
 2840.0   15.341   10.0
 2850.0   15.353   10.0
 2860.0   15.350   10.0
 2870.0   15.355   10.0
 2880.0   15.357   10.0
 2890.0   15.361   10.0
 2900.0   15.374   10.0
 2910.0   15.372   10.0
 2920.0   15.375   10.0
 2930.0   15.383   10.0
 2940.0   15.389   10.0
 2950.0   15.399   10.0
 2960.0   15.398   10.0
 2970.0   15.408   10.0
 2980.0   15.416   10.0
 2990.0   15.419   10.0
 3000.0   15.417   10.0
 3010.0   15.429   10.0
 3020.0   15.441   10.0
 3030.0   15.447   10.0
 3040.0   15.459   10.0
 3050.0   15.463   10.0
 3060.0   15.450   10.0
 3070.0   15.478   10.0
 3080.0   15.460   10.0
 3090.0   15.467   10.0
 3100.0   15.488   10.0
 3110.0   15.504   10.0
 3120.0   15.520   10.0
 3130.0   15.504   10.0
 3140.0   15.507   10.0
 3150.0   15.527   10.0
 3160.0   15.515   10.0
 3170.0   15.523   10.0
 3180.0   15.548   10.0
 3190.0   15.536   10.0
 3200.0   15.532   10.0
 3210.0   15.542   10.0
 3220.0   15.557   10.0
 3230.0   15.558   10.0
 3240.0   15.558   10.0
 3250.0   15.582   10.0
 3260.0   15.568   10.0
 3270.0   15.573   10.0
 3280.0   15.587   10.0
 3290.0   15.581   10.0
 3300.0   15.605   10.0
 3310.0   15.606   10.0
 3320.0   15.616   10.0
 3330.0   15.623   10.0
 3340.0   15.608   10.0
 3350.0   15.605   10.0
 3360.0   15.626   10.0
 3370.0   15.631   10.0
 3380.0   15.646   10.0
 3390.0   15.650   10.0
 3400.0   15.646   10.0
 3410.0   15.661   10.0
 3420.0   15.661   10.0
 3430.0   15.657   10.0
 3440.0   15.662   10.0
 3450.0   15.662   10.0
 3460.0   15.668   10.0
 3470.0   15.682   10.0
 3480.0   15.685   10.0
 3490.0   15.702   10.0
 3500.0   15.712   10.0
 3510.0   15.721   10.0
 3520.0   15.697   10.0
 3530.0   15.696   10.0
 3540.0   15.703   10.0
 3550.0   15.707   10.0
 3560.0   15.716   10.0
 3570.0   15.734   10.0
 3580.0   15.743   10.0
 3590.0   15.749   10.0
 3600.0   15.751   10.0
 3610.0   15.760   10.0
 3620.0   15.764   10.0
 3630.0   15.757   10.0
 3640.0   15.777   10.0
 3650.0   15.767   10.0
 3660.0   15.773   10.0
 3670.0   15.797   10.0
 3680.0   15.789   10.0
 3690.0   15.796   10.0
 3700.0   15.819   10.0
 3710.0   15.822   10.0
 3720.0   15.805   10.0
 3730.0   15.828   10.0
 3740.0   15.828   10.0
 3750.0   15.823   10.0
 3760.0   15.847   10.0
 3770.0   15.836   10.0
 3780.0   15.829   10.0
 3790.0   15.835   10.0
 3800.0   15.868   10.0
 3810.0   15.856   10.0
 3820.0   15.880   10.0
 3830.0   15.873   10.0
 3840.0   15.864   10.0
 3850.0   15.862   10.0
 3860.0   15.868   10.0
 3870.0   15.888   10.0
 3880.0   15.892   10.0
 3890.0   15.899   10.0
 3900.0   15.884   10.0
 3910.0   15.863   10.0
 3920.0   15.876   10.0
 3930.0   15.887   10.0
 3940.0   15.893   10.0
 3950.0   15.910   10.0
 3960.0   15.939   10.0
 3970.0   15.959   10.0
 3980.0   15.943   10.0
 3990.0   15.937   10.0
 4000.0   15.925   10.0
 4010.0   15.907   10.0
 4020.0   15.896   10.0
 4030.0   15.900   10.0
 4040.0   15.904   10.0
 4050.0   15.918   10.0
 4060.0   15.919   10.0
 4070.0   15.948   10.0
 4080.0   15.983   10.0
 4090.0   16.018   10.0
 4100.0   16.064   10.0
 4110.0   16.050   10.0
 4120.0   15.989   10.0
 4130.0   15.980   10.0
 4140.0   15.960   10.0
 4150.0   15.973   10.0
 4160.0   15.965   10.0
 4170.0   15.954   10.0
 4180.0   15.951   10.0
 4190.0   15.946   10.0
 4200.0   15.951   10.0
 4210.0   15.968   10.0
 4220.0   15.972   10.0
 4230.0   15.976   10.0
 4240.0   15.972   10.0
 4250.0   15.984   10.0
 4260.0   15.982   10.0
 4270.0   15.992   10.0
 4280.0   16.008   10.0
 4290.0   16.010   10.0
 4300.0   16.033   10.0
 4310.0   16.055   10.0
 4320.0   16.092   10.0
 4330.0   16.152   10.0
 4340.0   16.195   10.0
 4350.0   16.165   10.0
 4360.0   16.127   10.0
 4370.0   16.091   10.0
 4380.0   16.075   10.0
 4390.0   16.056   10.0
 4400.0   16.057   10.0
 4410.0   16.046   10.0
 4420.0   16.047   10.0
 4430.0   16.062   10.0
 4440.0   16.069   10.0
 4450.0   16.059   10.0
 4460.0   16.066   10.0
 4470.0   16.074   10.0
 4480.0   16.070   10.0
 4490.0   16.074   10.0
 4500.0   16.101   10.0
 4510.0   16.109   10.0
 4520.0   16.088   10.0
 4530.0   16.085   10.0
 4540.0   16.113   10.0
 4550.0   16.099   10.0
 4560.0   16.113   10.0
 4570.0   16.107   10.0
 4580.0   16.113   10.0
 4590.0   16.124   10.0
 4600.0   16.125   10.0
 4610.0   16.133   10.0
 4620.0   16.129   10.0
 4630.0   16.148   10.0
 4640.0   16.142   10.0
 4650.0   16.151   10.0
 4660.0   16.158   10.0
 4670.0   16.166   10.0
 4680.0   16.160   10.0
 4690.0   16.156   10.0
 4700.0   16.158   10.0
 4710.0   16.186   10.0
 4720.0   16.178   10.0
 4730.0   16.192   10.0
 4740.0   16.188   10.0
 4750.0   16.190   10.0
 4760.0   16.182   10.0
 4770.0   16.223   10.0
 4780.0   16.220   10.0
 4790.0   16.230   10.0
 4800.0   16.230   10.0
 4810.0   16.254   10.0
 4820.0   16.238   10.0
 4830.0   16.248   10.0
 4840.0   16.302   10.0
 4850.0   16.351   10.0
 4860.0   16.409   10.0
 4870.0   16.376   10.0
 4880.0   16.352   10.0
 4890.0   16.313   10.0
 4900.0   16.284   10.0
 4910.0   16.254   10.0
 4920.0   16.268   10.0
 4930.0   16.246   10.0
 4940.0   16.272   10.0
 4950.0   16.271   10.0
 4960.0   16.291   10.0
 4970.0   16.292   10.0
 4980.0   16.275   10.0
 4990.0   16.281   10.0
 5000.0   16.282   10.0
 5010.0   16.295   10.0
 5020.0   16.299   10.0
 5030.0   16.294   10.0
 5040.0   16.300   10.0
 5050.0   16.304   10.0
 5060.0   16.304   10.0
 5070.0   16.314   10.0
 5080.0   16.332   10.0
 5090.0   16.328   10.0
 5100.0   16.324   10.0
 5110.0   16.333   10.0
 5120.0   16.345   10.0
 5130.0   16.328   10.0
 5140.0   16.329   10.0
 5150.0   16.349   10.0
 5160.0   16.357   10.0
 5170.0   16.343   10.0
 5180.0   16.333   10.0
 5190.0   16.345   10.0
 5200.0   16.351   10.0
 5210.0   16.343   10.0
 5220.0   16.345   10.0
 5230.0   16.358   10.0
 5240.0   16.379   10.0
 5250.0   16.387   10.0
 5260.0   16.394   10.0
 5270.0   16.384   10.0
 5280.0   16.397   10.0
 5290.0   16.383   10.0
 5300.0   16.399   10.0
 5310.0   16.391   10.0
 5320.0   16.396   10.0
 5330.0   16.417   10.0
 5340.0   16.396   10.0
 5350.0   16.414   10.0
 5360.0   16.431   10.0
 5370.0   16.424   10.0
 5380.0   16.414   10.0
 5390.0   16.419   10.0
 5400.0   16.418   10.0
 5410.0   16.437   10.0
 5420.0   16.449   10.0
 5430.0   16.426   10.0
 5440.0   16.441   10.0
 5450.0   16.434   10.0
 5460.0   16.445   10.0
 5470.0   16.468   10.0
 5480.0   16.462   10.0
 5490.0   16.453   10.0
 5500.0   16.458   10.0
 5510.0   16.476   10.0
 5520.0   16.504   10.0
 5530.0   16.471   10.0
 5540.0   16.465   10.0
 5550.0   16.500   10.0
 5560.0   16.499   10.0
 5570.0   16.483   10.0
 5580.0   16.488   10.0
 5590.0   16.490   10.0
 5600.0   16.498   10.0
 5610.0   16.477   10.0
 5620.0   16.491   10.0
 5630.0   16.527   10.0
 5640.0   16.504   10.0
 5650.0   16.499   10.0
 5660.0   16.509   10.0
 5670.0   16.547   10.0
 5680.0   16.538   10.0
 5690.0   16.516   10.0
 5700.0   16.540   10.0
 5710.0   16.555   10.0
 5720.0   16.549   10.0
 5730.0   16.502   10.0
 5740.0   16.531   10.0
 5750.0   16.569   10.0
 5760.0   16.616   10.0
 5770.0   16.529   10.0
 5780.0   16.539   10.0
 5790.0   16.525   10.0
 5800.0   16.546   10.0
 5810.0   16.560   10.0
 5820.0   16.567   10.0
 5830.0   16.608   10.0
 5840.0   16.585   10.0
 5850.0   16.599   10.0
 5860.0   16.590   10.0
 5870.0   16.609   10.0
 5880.0   16.591   10.0
 5890.0   16.608   10.0
 5900.0   16.568   10.0
 5910.0   16.597   10.0
 5920.0   16.603   10.0
 5930.0   16.626   10.0
 5940.0   16.617   10.0
 5950.0   16.584   10.0
 5960.0   16.626   10.0
 5970.0   16.673   10.0
 5980.0   16.675   10.0
 5990.0   16.645   10.0
 6000.0   16.645   10.0
 6010.0   16.652   10.0
 6020.0   16.648   10.0
 6030.0   16.640   10.0
 6040.0   16.659   10.0
 6050.0   16.589   10.0
 6060.0   16.643   10.0
 6070.0   16.633   10.0
 6080.0   16.650   10.0
 6090.0   16.636   10.0
 6100.0   16.666   10.0
 6110.0   16.680   10.0
 6120.0   16.689   10.0
 6130.0   16.671   10.0
 6140.0   16.670   10.0
 6150.0   16.661   10.0
 6160.0   16.677   10.0
 6170.0   16.695   10.0
 6180.0   16.677   10.0
 6190.0   16.668   10.0
 6200.0   16.724   10.0
 6210.0   16.717   10.0
 6220.0   16.699   10.0
 6230.0   16.752   10.0
 6240.0   16.694   10.0
 6250.0   16.651   10.0
 6260.0   16.702   10.0
 6270.0   16.768   10.0
 6280.0   16.696   10.0
 6290.0   16.736   10.0
 6300.0   16.673   10.0
 6310.0   16.774   10.0
 6320.0   16.774   10.0
 6330.0   16.677   10.0
 6340.0   16.762   10.0
 6350.0   16.785   10.0
 6360.0   16.726   10.0
 6370.0   16.740   10.0
 6380.0   16.748   10.0
 6390.0   16.726   10.0
 6400.0   16.754   10.0
 6410.0   16.772   10.0
 6420.0   16.773   10.0
 6430.0   16.727   10.0
 6440.0   16.786   10.0
 6450.0   16.771   10.0
 6460.0   16.801   10.0
 6470.0   16.820   10.0
 6480.0   16.761   10.0
 6490.0   16.799   10.0
 6500.0   16.810   10.0
 6510.0   16.771   10.0
 6520.0   16.856   10.0
 6530.0   16.834   10.0
 6540.0   16.857   10.0
 6550.0   16.863   10.0
 6560.0   16.918   10.0
 6570.0   16.950   10.0
 6580.0   16.898   10.0
 6590.0   16.842   10.0
 6600.0   16.880   10.0
 6610.0   16.790   10.0
 6620.0   16.803   10.0
 6630.0   16.820   10.0
 6640.0   16.890   10.0
 6650.0   16.836   10.0
 6660.0   16.851   10.0
 6670.0   16.829   10.0
 6680.0   16.851   10.0
 6690.0   16.863   10.0
 6700.0   16.867   10.0
 6710.0   16.835   10.0
 6720.0   16.819   10.0
 6730.0   16.905   10.0
 6740.0   16.936   10.0
 6750.0   16.865   10.0
 6760.0   16.907   10.0
 6770.0   16.894   10.0
 6780.0   16.921   10.0
 6790.0   16.885   10.0
 6800.0   16.887   10.0
 6810.0   16.860   10.0
 6820.0   16.855   10.0
 6830.0   16.873   10.0
 6840.0   16.887   10.0
 6850.0   16.878   10.0
 6860.0   16.947   10.0
 6870.0   16.963   10.0
 6880.0   16.917   10.0
 6890.0   16.961   10.0
 6900.0   16.986   10.0
 6910.0   16.924   10.0
 6920.0   16.905   10.0
 6930.0   16.934   10.0
 6940.0   16.901   10.0
 6950.0   16.901   10.0
 6960.0   16.892   10.0
 6970.0   16.908   10.0
 6980.0   16.924   10.0
 6990.0   16.968   10.0
 7000.0   16.903   10.0
 7010.0   16.926   10.0
 7020.0   16.971   10.0
 7030.0   16.932   10.0
 7040.0   16.945   10.0
 7050.0   16.960   10.0
 7060.0   16.975   10.0
 7070.0   16.954   10.0
 7080.0   16.975   10.0
 7090.0   17.014   10.0
 7100.0   16.963   10.0
 7110.0   16.965   10.0
 7120.0   16.932   10.0
 7130.0   16.916   10.0
 7140.0   17.021   10.0
 7150.0   16.936   10.0
 7160.0   16.995   10.0
 7170.0   16.916   10.0
 7180.0   16.964   10.0
 7190.0   17.071   10.0
 7200.0   16.969   10.0
 7210.0   16.961   10.0
 7220.0   17.015   10.0
 7230.0   17.028   10.0
 7240.0   16.995   10.0
 7250.0   16.968   10.0
 7260.0   16.955   10.0
 7270.0   16.976   10.0
 7280.0   17.064   10.0
 7290.0   17.002   10.0
 7300.0   17.047   10.0
 7310.0   17.062   10.0
 7320.0   16.987   10.0
 7330.0   16.965   10.0
 7340.0   17.075   10.0
 7350.0   16.991   10.0
 7360.0   17.093   10.0
 7370.0   17.075   10.0
 7380.0   17.048   10.0
 7390.0   17.046   10.0
 7400.0   17.017   10.0
 7410.0   17.017   10.0
 7420.0   17.024   10.0
 7430.0   16.946   10.0
 7440.0   17.116   10.0
 7450.0   16.981   10.0
 7460.0   17.041   10.0
 7470.0   17.054   10.0
 7480.0   17.045   10.0
 7490.0   17.083   10.0
 7500.0   17.103   10.0
 7510.0   17.101   10.0
 7520.0   17.088   10.0
 7530.0   17.045   10.0
 7540.0   17.025   10.0
 7550.0   17.045   10.0
 7560.0   17.106   10.0
 7570.0   17.100   10.0
 7580.0   17.087   10.0
 7590.0   17.148   10.0
 7600.0   17.133   10.0
 7610.0   17.155   10.0
 7620.0   17.087   10.0
 7630.0   17.076   10.0
 7640.0   17.144   10.0
 7650.0   17.025   10.0
 7660.0   17.148   10.0
 7670.0   17.098   10.0
 7680.0   17.091   10.0
 7690.0   17.078   10.0
 7700.0   17.090   10.0
 7710.0   17.219   10.0
 7720.0   17.152   10.0
 7730.0   17.144   10.0
 7740.0   17.099   10.0
 7750.0   17.129   10.0
 7760.0   17.150   10.0
 7770.0   17.125   10.0
 7780.0   17.103   10.0
 7790.0   17.150   10.0
 7800.0   17.097   10.0
 7810.0   17.165   10.0
 7820.0   17.163   10.0
 7830.0   17.065   10.0
 7840.0   17.164   10.0
 7850.0   17.264   10.0
 7860.0   17.183   10.0
 7870.0   17.082   10.0
 7880.0   17.135   10.0
 7890.0   17.151   10.0
 7900.0   17.178   10.0
 7910.0   17.133   10.0
 7920.0   17.185   10.0
 7930.0   17.104   10.0
 7940.0   17.215   10.0
 7950.0   17.184   10.0
 7960.0   17.111   10.0
 7970.0   17.199   10.0
 7980.0   17.187   10.0
 7990.0   17.311   10.0
 8000.0   17.183   10.0
 8010.0   17.204   10.0
 8020.0   17.220   10.0
 8030.0   17.199   10.0
 8040.0   17.204   10.0
 8050.0   17.209   10.0
 8060.0   17.212   10.0
 8070.0   17.215   10.0
 8080.0   17.217   10.0
 8090.0   17.214   10.0
 8100.0   17.212   10.0
 8110.0   17.212   10.0
 8120.0   17.217   10.0
 8130.0   17.221   10.0
 8140.0   17.223   10.0
 8150.0   17.224   10.0
 8160.0   17.225   10.0
 8170.0   17.225   10.0
 8180.0   17.224   10.0
 8190.0   17.224   10.0
 8200.0   17.230   10.0
 8210.0   17.235   10.0
 8220.0   17.242   10.0
 8230.0   17.249   10.0
 8240.0   17.257   10.0
 8250.0   17.266   10.0
 8260.0   17.275   10.0
 8270.0   17.284   10.0
 8280.0   17.291   10.0
 8290.0   17.297   10.0
 8300.0   17.300   10.0
 8310.0   17.296   10.0
 8320.0   17.292   10.0
 8330.0   17.288   10.0
 8340.0   17.286   10.0
 8350.0   17.284   10.0
 8360.0   17.286   10.0
 8370.0   17.291   10.0
 8380.0   17.296   10.0
 8390.0   17.301   10.0
 8400.0   17.306   10.0
 8410.0   17.310   10.0
 8420.0   17.314   10.0
 8430.0   17.317   10.0
 8440.0   17.320   10.0
 8450.0   17.322   10.0
 8460.0   17.324   10.0
 8470.0   17.325   10.0
 8480.0   17.325   10.0
 8490.0   17.326   10.0
 8500.0   17.326   10.0
 8510.0   17.325   10.0
 8520.0   17.325   10.0
 8530.0   17.325   10.0
 8540.0   17.325   10.0
 8550.0   17.327   10.0
 8560.0   17.336   10.0
 8570.0   17.344   10.0
 8580.0   17.352   10.0
 8590.0   17.360   10.0
 8600.0   17.367   10.0
 8610.0   17.366   10.0
 8620.0   17.361   10.0
 8630.0   17.356   10.0
 8640.0   17.349   10.0
 8650.0   17.341   10.0
 8660.0   17.336   10.0
 8670.0   17.337   10.0
 8680.0   17.338   10.0
 8690.0   17.341   10.0
 8700.0   17.344   10.0
 8710.0   17.348   10.0
 8720.0   17.352   10.0
 8730.0   17.356   10.0
 8740.0   17.360   10.0
 8750.0   17.371   10.0
 8760.0   17.383   10.0
 8770.0   17.392   10.0
 8780.0   17.397   10.0
 8790.0   17.402   10.0
 8800.0   17.404   10.0
 8810.0   17.403   10.0
 8820.0   17.402   10.0
 8830.0   17.406   10.0
 8840.0   17.411   10.0
 8850.0   17.417   10.0
 8860.0   17.419   10.0
 8870.0   17.421   10.0
 8880.0   17.424   10.0
 8890.0   17.428   10.0
 8900.0   17.432   10.0
 8910.0   17.433   10.0
 8920.0   17.429   10.0
 8930.0   17.426   10.0
 8940.0   17.422   10.0
 8950.0   17.420   10.0
 8960.0   17.418   10.0
 8970.0   17.425   10.0
 8980.0   17.434   10.0
 8990.0   17.442   10.0
 9000.0   17.450   10.0
 9010.0   17.457   10.0
 9020.0   17.457   10.0
 9030.0   17.447   10.0
 9040.0   17.436   10.0
 9050.0   17.430   10.0
 9060.0   17.425   10.0
 9070.0   17.422   10.0
 9080.0   17.428   10.0
 9090.0   17.437   10.0
 9100.0   17.444   10.0
 9110.0   17.446   10.0
 9120.0   17.447   10.0
 9130.0   17.449   10.0
 9140.0   17.451   10.0
 9150.0   17.454   10.0
 9160.0   17.457   10.0
 9170.0   17.461   10.0
 9180.0   17.465   10.0
 9190.0   17.469   10.0
 9200.0   17.474   10.0
 9210.0   17.479   10.0
 9220.0   17.484   10.0
 9230.0   17.489   10.0
 9240.0   17.492   10.0
 9250.0   17.495   10.0
 9260.0   17.498   10.0
 9270.0   17.501   10.0
 9280.0   17.505   10.0
 9290.0   17.508   10.0
 9300.0   17.511   10.0
 9310.0   17.513   10.0
 9320.0   17.516   10.0
 9330.0   17.517   10.0
 9340.0   17.519   10.0
 9350.0   17.521   10.0
 9360.0   17.522   10.0
 9370.0   17.522   10.0
 9380.0   17.523   10.0
 9390.0   17.522   10.0
 9400.0   17.522   10.0
 9410.0   17.523   10.0
 9420.0   17.525   10.0
 9430.0   17.527   10.0
 9440.0   17.534   10.0
 9450.0   17.542   10.0
 9460.0   17.549   10.0
 9470.0   17.555   10.0
 9480.0   17.561   10.0
 9490.0   17.563   10.0
 9500.0   17.562   10.0
 9510.0   17.560   10.0
 9520.0   17.557   10.0
 9530.0   17.554   10.0
 9540.0   17.551   10.0
 9550.0   17.551   10.0
 9560.0   17.551   10.0
 9570.0   17.551   10.0
 9580.0   17.552   10.0
 9590.0   17.552   10.0
 9600.0   17.554   10.0
 9610.0   17.557   10.0
 9620.0   17.560   10.0
 9630.0   17.566   10.0
 9640.0   17.573   10.0
 9650.0   17.580   10.0
 9660.0   17.586   10.0
 9670.0   17.591   10.0
 9680.0   17.595   10.0
 9690.0   17.596   10.0
 9700.0   17.597   10.0
 9710.0   17.598   10.0
 9720.0   17.597   10.0
 9730.0   17.595   10.0
 9740.0   17.594   10.0
 9750.0   17.591   10.0
 9760.0   17.589   10.0
 9770.0   17.588   10.0
 9780.0   17.587   10.0
 9790.0   17.587   10.0
 9800.0   17.591   10.0
 9810.0   17.594   10.0
 9820.0   17.600   10.0
 9830.0   17.609   10.0
 9840.0   17.617   10.0
 9850.0   17.625   10.0
 9860.0   17.632   10.0
 9870.0   17.640   10.0
 9880.0   17.646   10.0
 9890.0   17.651   10.0
 9900.0   17.656   10.0
 9910.0   17.657   10.0
 9920.0   17.657   10.0
 9930.0   17.657   10.0
 9940.0   17.657   10.0
 9950.0   17.656   10.0
 9960.0   17.658   10.0
 9970.0   17.661   10.0
 9980.0   17.664   10.0
 9990.0   17.667   10.0
10000.0   17.670   10.0
10010.0   17.674   10.0
10020.0   17.677   10.0
10030.0   17.680   10.0
10040.0   17.684   10.0
10050.0   17.688   10.0
10060.0   17.692   10.0
10070.0   17.693   10.0
10080.0   17.691   10.0
10090.0   17.688   10.0
10100.0   17.683   10.0
10110.0   17.677   10.0
10120.0   17.672   10.0
10130.0   17.670   10.0
10140.0   17.668   10.0
10150.0   17.668   10.0
10160.0   17.673   10.0
10170.0   17.677   10.0
10180.0   17.682   10.0
10190.0   17.685   10.0
10200.0   17.689   10.0
10210.0   17.692   10.0
10220.0   17.694   10.0
10230.0   17.697   10.0
10240.0   17.704   10.0
10250.0   17.711   10.0
10260.0   17.720   10.0
10270.0   17.731   10.0
10280.0   17.743   10.0
10290.0   17.752   10.0
10300.0   17.756   10.0
10310.0   17.759   10.0
10320.0   17.756   10.0
10330.0   17.749   10.0
10340.0   17.742   10.0
10350.0   17.737   10.0
10360.0   17.733   10.0
10370.0   17.731   10.0
10380.0   17.736   10.0
10390.0   17.742   10.0
10400.0   17.747   10.0
10410.0   17.750   10.0
10420.0   17.754   10.0
10430.0   17.752   10.0
10440.0   17.746   10.0
10450.0   17.741   10.0
10460.0   17.736   10.0
10470.0   17.732   10.0
10480.0   17.729   10.0
10490.0   17.731   10.0
10500.0   17.733   10.0
10510.0   17.737   10.0
10520.0   17.745   10.0
10530.0   17.754   10.0
10540.0   17.760   10.0
10550.0   17.766   10.0
10560.0   17.771   10.0
10570.0   17.774   10.0
10580.0   17.776   10.0
10590.0   17.778   10.0
10600.0   17.782   10.0
10610.0   17.786   10.0
10620.0   17.789   10.0
10630.0   17.793   10.0
10640.0   17.797   10.0
10650.0   17.800   10.0
10660.0   17.803   10.0
10670.0   17.805   10.0
10680.0   17.804   10.0
10690.0   17.802   10.0
10700.0   17.799   10.0
10710.0   17.796   10.0
10720.0   17.793   10.0
10730.0   17.793   10.0
10740.0   17.800   10.0
10750.0   17.806   10.0
10760.0   17.813   10.0
10770.0   17.819   10.0
10780.0   17.826   10.0
10790.0   17.827   10.0
10800.0   17.826   10.0
10810.0   17.825   10.0
10820.0   17.823   10.0
10830.0   17.822   10.0
10840.0   17.821   10.0
10850.0   17.822   10.0
10860.0   17.823   10.0
10870.0   17.829   10.0
10880.0   17.838   10.0
10890.0   17.848   10.0
10900.0   17.855   10.0
10910.0   17.860   10.0
10920.0   17.865   10.0
10930.0   17.867   10.0
10940.0   17.868   10.0
10950.0   17.870   10.0
10960.0   17.874   10.0
10970.0   17.878   10.0
10980.0   17.880   10.0
10990.0   17.879   10.0
11000.0   17.879   10.0
11010.0   17.878   10.0
11020.0   17.879   10.0
11030.0   17.878   10.0
11040.0   17.876   10.0
11050.0   17.873   10.0
11060.0   17.870   10.0
11070.0   17.868   10.0
11080.0   17.865   10.0
11090.0   17.866   10.0
11100.0   17.869   10.0
11110.0   17.873   10.0
11120.0   17.875   10.0
11130.0   17.876   10.0
11140.0   17.877   10.0
11150.0   17.879   10.0
11160.0   17.880   10.0
11170.0   17.881   10.0
11180.0   17.878   10.0
11190.0   17.875   10.0
11200.0   17.872   10.0
11210.0   17.870   10.0
11220.0   17.868   10.0
11230.0   17.871   10.0
11240.0   17.877   10.0
11250.0   17.883   10.0
11260.0   17.890   10.0
11270.0   17.898   10.0
11280.0   17.906   10.0
11290.0   17.910   10.0
11300.0   17.913   10.0
11310.0   17.915   10.0
11320.0   17.916   10.0
11330.0   17.916   10.0
11340.0   17.918   10.0
11350.0   17.920   10.0
11360.0   17.923   10.0
11370.0   17.925   10.0
11380.0   17.928   10.0
11390.0   17.930   10.0
11400.0   17.928   10.0
11410.0   17.925   10.0
11420.0   17.923   10.0
11430.0   17.920   10.0
11440.0   17.918   10.0
11450.0   17.919   10.0
11460.0   17.923   10.0
11470.0   17.928   10.0
11480.0   17.933   10.0
11490.0   17.939   10.0
11500.0   17.944   10.0
11510.0   17.946   10.0
11520.0   17.948   10.0
11530.0   17.950   10.0
11540.0   17.955   10.0
11550.0   17.961   10.0
11560.0   17.965   10.0
11570.0   17.967   10.0
11580.0   17.969   10.0
11590.0   17.970   10.0
11600.0   17.969   10.0
11610.0   17.968   10.0
11620.0   17.966   10.0
11630.0   17.964   10.0
11640.0   17.962   10.0
11650.0   17.961   10.0
11660.0   17.960   10.0
11670.0   17.960   10.0
11680.0   17.961   10.0
11690.0   17.963   10.0
11700.0   17.963   10.0
11710.0   17.964   10.0
11720.0   17.964   10.0
11730.0   17.966   10.0
11740.0   17.969   10.0
11750.0   17.973   10.0
11760.0   17.976   10.0
11770.0   17.980   10.0
11780.0   17.982   10.0
11790.0   17.985   10.0
11800.0   17.987   10.0
11810.0   17.989   10.0
11820.0   17.990   10.0
11830.0   17.991   10.0
11840.0   17.992   10.0
11850.0   17.994   10.0
11860.0   17.998   10.0
11870.0   18.001   10.0
11880.0   18.005   10.0
11890.0   18.009   10.0
11900.0   18.013   10.0
11910.0   18.017   10.0
11920.0   18.021   10.0
11930.0   18.024   10.0
11940.0   18.024   10.0
11950.0   18.024   10.0
11960.0   18.024   10.0
11970.0   18.022   10.0
11980.0   18.018   10.0
11990.0   18.013   10.0
