 2800.0   20.571   10.0
 2810.0   20.590   10.0
 2820.0   20.616   10.0
 2830.0   20.615   10.0
 2840.0   20.554   10.0
 2850.0   20.413   10.0
 2860.0   20.204   10.0
 2870.0   19.971   10.0
 2880.0   19.748   10.0
 2890.0   19.549   10.0
 2900.0   19.381   10.0
 2910.0   19.244   10.0
 2920.0   19.138   10.0
 2930.0   19.062   10.0
 2940.0   19.016   10.0
 2950.0   19.003   10.0
 2960.0   19.024   10.0
 2970.0   19.069   10.0
 2980.0   19.125   10.0
 2990.0   19.175   10.0
 3000.0   19.198   10.0
 3010.0   19.179   10.0
 3020.0   19.121   10.0
 3030.0   19.036   10.0
 3040.0   18.936   10.0
 3050.0   18.833   10.0
 3060.0   18.733   10.0
 3070.0   18.637   10.0
 3080.0   18.547   10.0
 3090.0   18.464   10.0
 3100.0   18.387   10.0
 3110.0   18.318   10.0
 3120.0   18.253   10.0
 3130.0   18.191   10.0
 3140.0   18.130   10.0
 3150.0   18.068   10.0
 3160.0   17.680   10.0
 3170.0   17.595   10.0
 3180.0   17.636   10.0
 3190.0   17.702   10.0
 3200.0   17.551   10.0
 3210.0   17.563   10.0
 3220.0   17.663   10.0
 3230.0   17.892   10.0
 3240.0   17.854   10.0
 3250.0   17.584   10.0
 3260.0   17.426   10.0
 3270.0   17.382   10.0
 3280.0   17.435   10.0
 3290.0   17.334   10.0
 3300.0   17.282   10.0
 3310.0   17.406   10.0
 3320.0   17.405   10.0
 3330.0   17.387   10.0
 3340.0   17.359   10.0
 3350.0   17.325   10.0
 3360.0   17.479   10.0
 3370.0   17.540   10.0
 3380.0   17.446   10.0
 3390.0   17.324   10.0
 3400.0   17.241   10.0
 3410.0   17.218   10.0
 3420.0   17.178   10.0
 3430.0   17.212   10.0
 3440.0   17.377   10.0
 3450.0   17.311   10.0
 3460.0   17.212   10.0
 3470.0   17.282   10.0
 3480.0   17.280   10.0
 3490.0   17.242   10.0
 3500.0   17.106   10.0
 3510.0   17.055   10.0
 3520.0   17.133   10.0
 3530.0   17.083   10.0
 3540.0   16.986   10.0
 3550.0   17.083   10.0
 3560.0   17.243   10.0
 3570.0   17.402   10.0
 3580.0   17.531   10.0
 3590.0   17.284   10.0
 3600.0   16.989   10.0
 3610.0   16.956   10.0
 3620.0   16.816   10.0
 3630.0   16.699   10.0
 3640.0   16.655   10.0
 3650.0   16.552   10.0
 3660.0   16.383   10.0
 3670.0   16.399   10.0
 3680.0   16.485   10.0
 3690.0   16.468   10.0
 3700.0   16.429   10.0
 3710.0   16.503   10.0
 3720.0   16.633   10.0
 3730.0   16.860   10.0
 3740.0   16.972   10.0
 3750.0   16.862   10.0
 3760.0   16.717   10.0
 3770.0   16.527   10.0
 3780.0   16.396   10.0
 3790.0   16.579   10.0
 3800.0   16.659   10.0
 3810.0   16.696   10.0
 3820.0   17.014   10.0
 3830.0   17.178   10.0
 3840.0   17.057   10.0
 3850.0   16.959   10.0
 3860.0   16.976   10.0
 3870.0   16.944   10.0
 3880.0   16.782   10.0
 3890.0   16.470   10.0
 3900.0   16.276   10.0
 3910.0   16.222   10.0
 3920.0   16.375   10.0
 3930.0   16.852   10.0
 3940.0   16.729   10.0
 3950.0   16.260   10.0
 3960.0   16.365   10.0
 3970.0   16.539   10.0
 3980.0   15.997   10.0
 3990.0   15.703   10.0
 4000.0   15.599   10.0
 4010.0   15.519   10.0
 4020.0   15.467   10.0
 4030.0   15.526   10.0
 4040.0   15.578   10.0
 4050.0   15.583   10.0
 4060.0   15.601   10.0
 4070.0   15.592   10.0
 4080.0   15.475   10.0
 4090.0   15.397   10.0
 4100.0   15.448   10.0
 4110.0   15.453   10.0
 4120.0   15.462   10.0
 4130.0   15.517   10.0
 4140.0   15.574   10.0
 4150.0   15.608   10.0
 4160.0   15.545   10.0
 4170.0   15.542   10.0
 4180.0   15.547   10.0
 4190.0   15.498   10.0
 4200.0   15.488   10.0
 4210.0   15.385   10.0
 4220.0   15.335   10.0
 4230.0   15.338   10.0
 4240.0   15.212   10.0
 4250.0   15.208   10.0
 4260.0   15.207   10.0
 4270.0   15.223   10.0
 4280.0   15.242   10.0
 4290.0   15.299   10.0
 4300.0   15.436   10.0
 4310.0   15.308   10.0
 4320.0   15.058   10.0
 4330.0   14.998   10.0
 4340.0   14.960   10.0
 4350.0   14.930   10.0
 4360.0   14.885   10.0
 4370.0   14.904   10.0
 4380.0   15.029   10.0
 4390.0   15.030   10.0
 4400.0   14.962   10.0
 4410.0   14.933   10.0
 4420.0   14.861   10.0
 4430.0   14.844   10.0
 4440.0   14.803   10.0
 4450.0   14.792   10.0
 4460.0   14.832   10.0
 4470.0   14.744   10.0
 4480.0   14.668   10.0
 4490.0   14.671   10.0
 4500.0   14.620   10.0
 4510.0   14.575   10.0
 4520.0   14.640   10.0
 4530.0   14.698   10.0
 4540.0   14.653   10.0
 4550.0   14.617   10.0
 4560.0   14.561   10.0
 4570.0   14.550   10.0
 4580.0   14.563   10.0
 4590.0   14.568   10.0
 4600.0   14.555   10.0
 4610.0   14.476   10.0
 4620.0   14.442   10.0
 4630.0   14.465   10.0
 4640.0   14.535   10.0
 4650.0   14.537   10.0
 4660.0   14.513   10.0
 4670.0   14.541   10.0
 4680.0   14.509   10.0
 4690.0   14.510   10.0
 4700.0   14.522   10.0
 4710.0   14.495   10.0
 4720.0   14.424   10.0
 4730.0   14.443   10.0
 4740.0   14.403   10.0
 4750.0   14.380   10.0
 4760.0   14.400   10.0
 4770.0   14.369   10.0
 4780.0   14.335   10.0
 4790.0   14.337   10.0
 4800.0   14.316   10.0
 4810.0   14.310   10.0
 4820.0   14.292   10.0
 4830.0   14.316   10.0
 4840.0   14.329   10.0
 4850.0   14.347   10.0
 4860.0   14.418   10.0
 4870.0   14.409   10.0
 4880.0   14.360   10.0
 4890.0   14.335   10.0
 4900.0   14.266   10.0
 4910.0   14.294   10.0
 4920.0   14.338   10.0
 4930.0   14.291   10.0
 4940.0   14.257   10.0
 4950.0   14.211   10.0
 4960.0   14.225   10.0
 4970.0   14.218   10.0
 4980.0   14.262   10.0
 4990.0   14.272   10.0
 5000.0   14.292   10.0
 5010.0   14.336   10.0
 5020.0   14.314   10.0
 5030.0   14.246   10.0
 5040.0   14.251   10.0
 5050.0   14.215   10.0
 5060.0   14.169   10.0
 5070.0   14.204   10.0
 5080.0   14.245   10.0
 5090.0   14.209   10.0
 5100.0   14.221   10.0
 5110.0   14.222   10.0
 5120.0   14.222   10.0
 5130.0   14.258   10.0
 5140.0   14.247   10.0
 5150.0   14.262   10.0
 5160.0   14.278   10.0
 5170.0   14.395   10.0
 5180.0   14.330   10.0
 5190.0   14.256   10.0
 5200.0   14.206   10.0
 5210.0   14.209   10.0
 5220.0   14.167   10.0
 5230.0   14.162   10.0
 5240.0   14.097   10.0
 5250.0   14.117   10.0
 5260.0   14.169   10.0
 5270.0   14.227   10.0
 5280.0   14.095   10.0
 5290.0   14.029   10.0
 5300.0   14.031   10.0
 5310.0   13.975   10.0
 5320.0   14.025   10.0
 5330.0   14.073   10.0
 5340.0   14.017   10.0
 5350.0   13.971   10.0
 5360.0   13.929   10.0
 5370.0   13.980   10.0
 5380.0   13.959   10.0
 5390.0   13.994   10.0
 5400.0   14.049   10.0
 5410.0   14.024   10.0
 5420.0   13.960   10.0
 5430.0   13.983   10.0
 5440.0   13.955   10.0
 5450.0   13.937   10.0
 5460.0   13.933   10.0
 5470.0   13.947   10.0
 5480.0   13.976   10.0
 5490.0   13.937   10.0
 5500.0   13.916   10.0
 5510.0   13.932   10.0
 5520.0   13.907   10.0
 5530.0   13.901   10.0
 5540.0   13.883   10.0
 5550.0   13.852   10.0
 5560.0   13.830   10.0
 5570.0   13.835   10.0
 5580.0   13.832   10.0
 5590.0   13.870   10.0
 5600.0   13.848   10.0
 5610.0   13.799   10.0
 5620.0   13.816   10.0
 5630.0   13.806   10.0
 5640.0   13.810   10.0
 5650.0   13.804   10.0
 5660.0   13.809   10.0
 5670.0   13.780   10.0
 5680.0   13.755   10.0
 5690.0   13.752   10.0
 5700.0   13.776   10.0
 5710.0   13.800   10.0
 5720.0   13.729   10.0
 5730.0   13.701   10.0
 5740.0   13.713   10.0
 5750.0   13.729   10.0
 5760.0   13.723   10.0
 5770.0   13.700   10.0
 5780.0   13.728   10.0
 5790.0   13.720   10.0
 5800.0   13.683   10.0
 5810.0   13.667   10.0
 5820.0   13.644   10.0
 5830.0   13.642   10.0
 5840.0   13.648   10.0
 5850.0   13.663   10.0
 5860.0   13.674   10.0
 5870.0   13.659   10.0
 5880.0   13.682   10.0
 5890.0   13.771   10.0
 5900.0   13.722   10.0
 5910.0   13.647   10.0
 5920.0   13.627   10.0
 5930.0   13.621   10.0
 5940.0   13.623   10.0
 5950.0   13.619   10.0
 5960.0   13.608   10.0
 5970.0   13.592   10.0
 5980.0   13.606   10.0
 5990.0   13.608   10.0
 6000.0   13.611   10.0
 6010.0   13.623   10.0
 6020.0   13.616   10.0
 6030.0   13.578   10.0
 6040.0   13.560   10.0
 6050.0   13.560   10.0
 6060.0   13.573   10.0
 6070.0   13.555   10.0
 6080.0   13.570   10.0
 6090.0   13.584   10.0
 6100.0   13.583   10.0
 6110.0   13.574   10.0
 6120.0   13.579   10.0
 6130.0   13.588   10.0
 6140.0   13.601   10.0
 6150.0   13.579   10.0
 6160.0   13.601   10.0
 6170.0   13.590   10.0
 6180.0   13.548   10.0
 6190.0   13.557   10.0
 6200.0   13.535   10.0
 6210.0   13.550   10.0
 6220.0   13.581   10.0
 6230.0   13.574   10.0
 6240.0   13.584   10.0
 6250.0   13.596   10.0
 6260.0   13.601   10.0
 6270.0   13.548   10.0
 6280.0   13.548   10.0
 6290.0   13.528   10.0
 6300.0   13.544   10.0
 6310.0   13.536   10.0
 6320.0   13.539   10.0
 6330.0   13.507   10.0
 6340.0   13.514   10.0
 6350.0   13.504   10.0
 6360.0   13.536   10.0
 6370.0   13.490   10.0
 6380.0   13.466   10.0
 6390.0   13.473   10.0
 6400.0   13.485   10.0
 6410.0   13.480   10.0
 6420.0   13.477   10.0
 6430.0   13.466   10.0
 6440.0   13.456   10.0
 6450.0   13.471   10.0
 6460.0   13.461   10.0
 6470.0   13.451   10.0
 6480.0   13.447   10.0
 6490.0   13.489   10.0
 6500.0   13.500   10.0
 6510.0   13.430   10.0
 6520.0   13.425   10.0
 6530.0   13.424   10.0
 6540.0   13.415   10.0
 6550.0   13.437   10.0
 6560.0   13.508   10.0
 6570.0   13.465   10.0
 6580.0   13.413   10.0
 6590.0   13.412   10.0
 6600.0   13.408   10.0
 6610.0   13.395   10.0
 6620.0   13.374   10.0
 6630.0   13.399   10.0
 6640.0   13.393   10.0
 6650.0   13.376   10.0
 6660.0   13.383   10.0
 6670.0   13.390   10.0
 6680.0   13.378   10.0
 6690.0   13.362   10.0
 6700.0   13.377   10.0
 6710.0   13.387   10.0
 6720.0   13.382   10.0
 6730.0   13.362   10.0
 6740.0   13.378   10.0
 6750.0   13.379   10.0
 6760.0   13.355   10.0
 6770.0   13.361   10.0
 6780.0   13.352   10.0
 6790.0   13.354   10.0
 6800.0   13.354   10.0
 6810.0   13.348   10.0
 6820.0   13.336   10.0
 6830.0   13.332   10.0
 6840.0   13.334   10.0
 6850.0   13.334   10.0
 6860.0   13.334   10.0
 6870.0   13.334   10.0
 6880.0   13.333   10.0
 6890.0   13.333   10.0
 6900.0   13.332   10.0
 6910.0   13.332   10.0
 6920.0   13.331   10.0
 6930.0   13.332   10.0
 6940.0   13.333   10.0
 6950.0   13.332   10.0
 6960.0   13.331   10.0
 6970.0   13.334   10.0
 6980.0   13.346   10.0
 6990.0   13.318   10.0
 7000.0   13.330   10.0
 7010.0   13.344   10.0
 7020.0   13.347   10.0
 7030.0   13.331   10.0
 7040.0   13.305   10.0
 7050.0   13.294   10.0
 7060.0   13.297   10.0
 7070.0   13.298   10.0
 7080.0   13.288   10.0
 7090.0   13.306   10.0
 7100.0   13.294   10.0
 7110.0   13.307   10.0
 7120.0   13.308   10.0
 7130.0   13.309   10.0
 7140.0   13.298   10.0
 7150.0   13.297   10.0
 7160.0   13.291   10.0
 7170.0   13.291   10.0
 7180.0   13.310   10.0
 7190.0   13.332   10.0
 7200.0   13.313   10.0
 7210.0   13.303   10.0
 7220.0   13.280   10.0
 7230.0   13.274   10.0
 7240.0   13.280   10.0
 7250.0   13.282   10.0
 7260.0   13.287   10.0
 7270.0   13.281   10.0
 7280.0   13.294   10.0
 7290.0   13.301   10.0
 7300.0   13.279   10.0
 7310.0   13.274   10.0
 7320.0   13.274   10.0
 7330.0   13.266   10.0
 7340.0   13.251   10.0
 7350.0   13.266   10.0
 7360.0   13.275   10.0
 7370.0   13.242   10.0
 7380.0   13.237   10.0
 7390.0   13.257   10.0
 7400.0   13.237   10.0
 7410.0   13.246   10.0
 7420.0   13.255   10.0
 7430.0   13.221   10.0
 7440.0   13.224   10.0
 7450.0   13.215   10.0
 7460.0   13.218   10.0
 7470.0   13.212   10.0
 7480.0   13.215   10.0
 7490.0   13.220   10.0
 7500.0   13.215   10.0
 7510.0   13.207   10.0
 7520.0   13.199   10.0
 7530.0   13.196   10.0
 7540.0   13.181   10.0
 7550.0   13.185   10.0
 7560.0   13.184   10.0
 7570.0   13.183   10.0
 7580.0   13.181   10.0
 7590.0   13.179   10.0
 7600.0   13.177   10.0
 7610.0   13.175   10.0
 7620.0   13.173   10.0
 7630.0   13.170   10.0
 7640.0   13.167   10.0
 7650.0   13.165   10.0
 7660.0   13.162   10.0
 7670.0   13.160   10.0
 7680.0   13.158   10.0
 7690.0   13.155   10.0
 7700.0   13.152   10.0
 7710.0   13.151   10.0
 7720.0   13.149   10.0
 7730.0   13.143   10.0
 7740.0   13.139   10.0
 7750.0   13.153   10.0
 7760.0   13.124   10.0
 7770.0   13.118   10.0
 7780.0   13.124   10.0
 7790.0   13.125   10.0
 7800.0   13.125   10.0
 7810.0   13.120   10.0
 7820.0   13.103   10.0
 7830.0   13.117   10.0
 7840.0   13.116   10.0
 7850.0   13.113   10.0
 7860.0   13.104   10.0
 7870.0   13.108   10.0
 7880.0   13.124   10.0
 7890.0   13.119   10.0
 7900.0   13.135   10.0
 7910.0   13.142   10.0
 7920.0   13.148   10.0
 7930.0   13.142   10.0
 7940.0   13.156   10.0
 7950.0   13.143   10.0
 7960.0   13.121   10.0
 7970.0   13.107   10.0
 7980.0   13.103   10.0
 7990.0   13.106   10.0
 8000.0   13.110   10.0
 8010.0   13.095   10.0
 8020.0   13.093   10.0
 8030.0   13.116   10.0
 8040.0   13.142   10.0
 8050.0   13.153   10.0
 8060.0   13.147   10.0
 8070.0   13.142   10.0
 8080.0   13.142   10.0
 8090.0   13.145   10.0
 8100.0   13.148   10.0
 8110.0   13.156   10.0
 8120.0   13.165   10.0
 8130.0   13.171   10.0
 8140.0   13.166   10.0
 8150.0   13.161   10.0
 8160.0   13.157   10.0
 8170.0   13.154   10.0
 8180.0   13.152   10.0
 8190.0   13.151   10.0
 8200.0   13.151   10.0
 8210.0   13.150   10.0
 8220.0   13.147   10.0
 8230.0   13.143   10.0
 8240.0   13.140   10.0
 8250.0   13.139   10.0
 8260.0   13.138   10.0
 8270.0   13.138   10.0
 8280.0   13.136   10.0
 8290.0   13.135   10.0
 8300.0   13.139   10.0
 8310.0   13.147   10.0
 8320.0   13.154   10.0
 8330.0   13.155   10.0
 8340.0   13.154   10.0
 8350.0   13.153   10.0
 8360.0   13.147   10.0
 8370.0   13.142   10.0
 8380.0   13.141   10.0
 8390.0   13.152   10.0
 8400.0   13.162   10.0
 8410.0   13.163   10.0
 8420.0   13.157   10.0
 8430.0   13.151   10.0
 8440.0   13.145   10.0
 8450.0   13.139   10.0
 8460.0   13.134   10.0
 8470.0   13.136   10.0
 8480.0   13.139   10.0
 8490.0   13.140   10.0
 8500.0   13.139   10.0
 8510.0   13.137   10.0
 8520.0   13.137   10.0
 8530.0   13.139   10.0
 8540.0   13.141   10.0
 8550.0   13.146   10.0
 8560.0   13.152   10.0
 8570.0   13.156   10.0
 8580.0   13.146   10.0
 8590.0   13.134   10.0
 8600.0   13.119   10.0
 8610.0   13.099   10.0
 8620.0   13.080   10.0
 8630.0   13.075   10.0
 8640.0   13.084   10.0
 8650.0   13.094   10.0
 8660.0   13.110   10.0
 8670.0   13.130   10.0
 8680.0   13.145   10.0
 8690.0   13.131   10.0
 8700.0   13.112   10.0
 8710.0   13.096   10.0
 8720.0   13.089   10.0
 8730.0   13.083   10.0
 8740.0   13.081   10.0
 8750.0   13.081   10.0
 8760.0   13.082   10.0
 8770.0   13.076   10.0
 8780.0   13.067   10.0
 8790.0   13.059   10.0
 8800.0   13.058   10.0
 8810.0   13.058   10.0
 8820.0   13.056   10.0
 8830.0   13.048   10.0
 8840.0   13.039   10.0
 8850.0   13.033   10.0
 8860.0   13.030   10.0
 8870.0   13.027   10.0
 8880.0   13.031   10.0
 8890.0   13.038   10.0
 8900.0   13.044   10.0
 8910.0   13.041   10.0
 8920.0   13.037   10.0
 8930.0   13.034   10.0
 8940.0   13.038   10.0
 8950.0   13.043   10.0
 8960.0   13.044   10.0
 8970.0   13.040   10.0
 8980.0   13.035   10.0
 8990.0   13.028   10.0
 9000.0   13.020   10.0
 9010.0   13.012   10.0
 9020.0   13.005   10.0
 9030.0   12.998   10.0
 9040.0   12.994   10.0
 9050.0   13.001   10.0
 9060.0   13.009   10.0
 9070.0   13.014   10.0
 9080.0   13.010   10.0
 9090.0   13.006   10.0
 9100.0   13.006   10.0
 9110.0   13.010   10.0
 9120.0   13.014   10.0
 9130.0   13.018   10.0
 9140.0   13.022   10.0
 9150.0   13.026   10.0
 9160.0   13.027   10.0
 9170.0   13.029   10.0
 9180.0   13.031   10.0
 9190.0   13.035   10.0
 9200.0   13.038   10.0
 9210.0   13.040   10.0
 9220.0   13.039   10.0
 9230.0   13.039   10.0
 9240.0   13.040   10.0
 9250.0   13.042   10.0
 9260.0   13.044   10.0
 9270.0   13.045   10.0
 9280.0   13.046   10.0
 9290.0   13.045   10.0
 9300.0   13.040   10.0
 9310.0   13.036   10.0
 9320.0   13.032   10.0
 9330.0   13.029   10.0
 9340.0   13.027   10.0
 9350.0   13.026   10.0
 9360.0   13.026   10.0
 9370.0   13.026   10.0
 9380.0   13.027   10.0
 9390.0   13.028   10.0
 9400.0   13.029   10.0
 9410.0   13.029   10.0
 9420.0   13.029   10.0
 9430.0   13.029   10.0
 9440.0   13.031   10.0
 9450.0   13.032   10.0
 9460.0   13.033   10.0
 9470.0   13.034   10.0
 9480.0   13.035   10.0
 9490.0   13.033   10.0
 9500.0   13.030   10.0
 9510.0   13.027   10.0
 9520.0   13.021   10.0
 9530.0   13.015   10.0
 9540.0   13.009   10.0
 9550.0   13.004   10.0
 9560.0   12.999   10.0
 9570.0   12.998   10.0
 9580.0   12.999   10.0
 9590.0   13.000   10.0
 9600.0   13.002   10.0
 9610.0   13.004   10.0
 9620.0   13.007   10.0
 9630.0   13.007   10.0
 9640.0   13.008   10.0
 9650.0   13.008   10.0
 9660.0   13.007   10.0
 9670.0   13.007   10.0
 9680.0   13.005   10.0
 9690.0   13.002   10.0
 9700.0   13.000   10.0
 9710.0   12.996   10.0
 9720.0   12.993   10.0
 9730.0   12.989   10.0
 9740.0   12.985   10.0
 9750.0   12.981   10.0
 9760.0   12.978   10.0
 9770.0   12.974   10.0
 9780.0   12.970   10.0
 9790.0   12.966   10.0
 9800.0   12.961   10.0
 9810.0   12.957   10.0
 9820.0   12.954   10.0
 9830.0   12.953   10.0
 9840.0   12.952   10.0
 9850.0   12.956   10.0
 9860.0   12.961   10.0
 9870.0   12.965   10.0
 9880.0   12.967   10.0
 9890.0   12.970   10.0
 9900.0   12.968   10.0
 9910.0   12.959   10.0
 9920.0   12.951   10.0
 9930.0   12.943   10.0
 9940.0   12.935   10.0
 9950.0   12.928   10.0
 9960.0   12.926   10.0
 9970.0   12.924   10.0
 9980.0   12.922   10.0
 9990.0   12.923   10.0
10000.0   12.924   10.0
10010.0   12.926   10.0
10020.0   12.931   10.0
10030.0   12.935   10.0
10040.0   12.940   10.0
10050.0   12.946   10.0
10060.0   12.950   10.0
10070.0   12.945   10.0
10080.0   12.938   10.0
10090.0   12.930   10.0
10100.0   12.920   10.0
10110.0   12.909   10.0
10120.0   12.902   10.0
10130.0   12.899   10.0
10140.0   12.895   10.0
10150.0   12.893   10.0
10160.0   12.892   10.0
10170.0   12.891   10.0
10180.0   12.893   10.0
10190.0   12.896   10.0
10200.0   12.899   10.0
10210.0   12.900   10.0
10220.0   12.900   10.0
10230.0   12.902   10.0
10240.0   12.904   10.0
10250.0   12.906   10.0
10260.0   12.907   10.0
10270.0   12.908   10.0
10280.0   12.908   10.0
10290.0   12.905   10.0
10300.0   12.902   10.0
10310.0   12.899   10.0
10320.0   12.897   10.0
10330.0   12.896   10.0
10340.0   12.893   10.0
10350.0   12.890   10.0
10360.0   12.886   10.0
10370.0   12.885   10.0
10380.0   12.886   10.0
10390.0   12.886   10.0
10400.0   12.891   10.0
10410.0   12.897   10.0
10420.0   12.902   10.0
10430.0   12.902   10.0
10440.0   12.902   10.0
10450.0   12.899   10.0
10460.0   12.891   10.0
10470.0   12.884   10.0
10480.0   12.879   10.0
10490.0   12.877   10.0
10500.0   12.875   10.0
10510.0   12.876   10.0
10520.0   12.879   10.0
10530.0   12.881   10.0
10540.0   12.878   10.0
10550.0   12.874   10.0
10560.0   12.872   10.0
10570.0   12.872   10.0
10580.0   12.871   10.0
10590.0   12.871   10.0
10600.0   12.869   10.0
10610.0   12.867   10.0
10620.0   12.864   10.0
10630.0   12.860   10.0
10640.0   12.857   10.0
10650.0   12.860   10.0
10660.0   12.863   10.0
10670.0   12.864   10.0
10680.0   12.863   10.0
10690.0   12.861   10.0
10700.0   12.862   10.0
10710.0   12.867   10.0
10720.0   12.871   10.0
10730.0   12.871   10.0
10740.0   12.869   10.0
10750.0   12.866   10.0
10760.0   12.861   10.0
10770.0   12.854   10.0
10780.0   12.851   10.0
10790.0   12.856   10.0
10800.0   12.862   10.0
10810.0   12.867   10.0
10820.0   12.871   10.0
10830.0   12.876   10.0
10840.0   12.878   10.0
10850.0   12.880   10.0
10860.0   12.881   10.0
10870.0   12.886   10.0
10880.0   12.891   10.0
10890.0   12.895   10.0
10900.0   12.895   10.0
10910.0   12.894   10.0
10920.0   12.897   10.0
10930.0   12.904   10.0
10940.0   12.911   10.0
10950.0   12.920   10.0
10960.0   12.932   10.0
10970.0   12.942   10.0
10980.0   12.947   10.0
10990.0   12.951   10.0
11000.0   12.953   10.0
11010.0   12.949   10.0
11020.0   12.944   10.0
11030.0   12.937   10.0
11040.0   12.929   10.0
11050.0   12.920   10.0
11060.0   12.914   10.0
11070.0   12.909   10.0
11080.0   12.905   10.0
11090.0   12.900   10.0
11100.0   12.894   10.0
11110.0   12.889   10.0
11120.0   12.887   10.0
11130.0   12.885   10.0
11140.0   12.884   10.0
11150.0   12.886   10.0
11160.0   12.888   10.0
11170.0   12.886   10.0
11180.0   12.881   10.0
11190.0   12.876   10.0
11200.0   12.873   10.0
11210.0   12.871   10.0
11220.0   12.871   10.0
11230.0   12.876   10.0
11240.0   12.882   10.0
11250.0   12.886   10.0
11260.0   12.887   10.0
11270.0   12.887   10.0
11280.0   12.884   10.0
11290.0   12.879   10.0
11300.0   12.873   10.0
11310.0   12.869   10.0
11320.0   12.865   10.0
11330.0   12.862   10.0
11340.0   12.866   10.0
11350.0   12.872   10.0
11360.0   12.877   10.0
11370.0   12.881   10.0
11380.0   12.884   10.0
11390.0   12.884   10.0
11400.0   12.879   10.0
11410.0   12.874   10.0
11420.0   12.871   10.0
11430.0   12.868   10.0
11440.0   12.866   10.0
11450.0   12.867   10.0
11460.0   12.869   10.0
11470.0   12.870   10.0
11480.0   12.869   10.0
11490.0   12.867   10.0
11500.0   12.863   10.0
11510.0   12.857   10.0
11520.0   12.851   10.0
11530.0   12.848   10.0
11540.0   12.845   10.0
11550.0   12.843   10.0
11560.0   12.845   10.0
11570.0   12.849   10.0
11580.0   12.853   10.0
11590.0   12.857   10.0
11600.0   12.861   10.0
11610.0   12.862   10.0
11620.0   12.858   10.0
11630.0   12.853   10.0
11640.0   12.851   10.0
11650.0   12.849   10.0
11660.0   12.848   10.0
11670.0   12.846   10.0
11680.0   12.844   10.0
11690.0   12.836   10.0
11700.0   12.812   10.0
11710.0   12.811   10.0
11720.0   12.815   10.0
11730.0   12.818   10.0
11740.0   12.822   10.0
11750.0   12.827   10.0
11760.0   12.832   10.0
11770.0   12.837   10.0
11780.0   12.842   10.0
11790.0   12.842   10.0
11800.0   12.842   10.0
11810.0   12.842   10.0
11820.0   12.842   10.0
11830.0   12.839   10.0
11840.0   12.837   10.0
11850.0   12.835   10.0
11860.0   12.832   10.0
11870.0   12.828   10.0
11880.0   12.825   10.0
11890.0   12.821   10.0
11900.0   12.817   10.0
11910.0   12.816   10.0
11920.0   12.816   10.0
11930.0   12.816   10.0
11940.0   12.815   10.0
11950.0   12.817   10.0
11960.0   12.818   10.0
11970.0   12.820   10.0
11980.0   12.821   10.0
11990.0   12.823   10.0
