 1200.0    9.699   10.0
 1210.0    9.941   10.0
 1220.0    9.870   10.0
 1230.0    9.742   10.0
 1240.0    9.811   10.0
 1250.0    9.827   10.0
 1260.0    9.830   10.0
 1270.0    9.772   10.0
 1280.0    9.740   10.0
 1290.0    9.635   10.0
 1300.0    9.720   10.0
 1310.0    9.785   10.0
 1320.0    9.745   10.0
 1330.0    9.718   10.0
 1340.0    9.676   10.0
 1350.0    9.658   10.0
 1360.0    9.688   10.0
 1370.0    9.677   10.0
 1380.0    9.662   10.0
 1390.0    9.690   10.0
 1400.0    9.671   10.0
 1410.0    9.678   10.0
 1420.0    9.660   10.0
 1430.0    9.634   10.0
 1440.0    9.660   10.0
 1450.0    9.726   10.0
 1460.0    9.713   10.0
 1470.0    9.679   10.0
 1480.0    9.696   10.0
 1490.0    9.692   10.0
 1500.0    9.696   10.0
 1510.0    9.763   10.0
 1520.0    9.756   10.0
 1530.0    9.732   10.0
 1540.0    9.694   10.0
 1550.0    9.707   10.0
 1560.0    9.699   10.0
 1570.0    9.698   10.0
 1580.0    9.708   10.0
 1590.0    9.751   10.0
 1600.0    9.761   10.0
 1610.0    9.770   10.0
 1620.0    9.756   10.0
 1630.0    9.737   10.0
 1640.0    9.799   10.0
 1650.0    9.763   10.0
 1660.0    9.762   10.0
 1670.0    9.792   10.0
 1680.0    9.792   10.0
 1690.0    9.787   10.0
 1700.0    9.806   10.0
 1710.0    9.816   10.0
 1720.0    9.829   10.0
 1730.0    9.829   10.0
 1740.0    9.842   10.0
 1750.0    9.849   10.0
 1760.0    9.861   10.0
 1770.0    9.860   10.0
 1780.0    9.871   10.0
 1790.0    9.874   10.0
 1800.0    9.887   10.0
 1810.0    9.907   10.0
 1820.0    9.901   10.0
 1830.0    9.916   10.0
 1840.0    9.924   10.0
 1850.0    9.951   10.0
 1860.0    9.958   10.0
 1870.0    9.961   10.0
 1880.0    9.964   10.0
 1890.0    9.970   10.0
 1900.0    9.982   10.0
 1910.0    9.984   10.0
 1920.0    9.996   10.0
 1930.0   10.010   10.0
 1940.0   10.014   10.0
 1950.0   10.025   10.0
 1960.0   10.033   10.0
 1970.0   10.046   10.0
 1980.0   10.055   10.0
 1990.0   10.074   10.0
 2000.0   10.070   10.0
 2010.0   10.081   10.0
 2020.0   10.087   10.0
 2030.0   10.100   10.0
 2040.0   10.116   10.0
 2050.0   10.140   10.0
 2060.0   10.142   10.0
 2070.0   10.144   10.0
 2080.0   10.152   10.0
 2090.0   10.156   10.0
 2100.0   10.165   10.0
 2110.0   10.169   10.0
 2120.0   10.177   10.0
 2130.0   10.185   10.0
 2140.0   10.194   10.0
 2150.0   10.201   10.0
 2160.0   10.208   10.0
 2170.0   10.216   10.0
 2180.0   10.226   10.0
 2190.0   10.234   10.0
 2200.0   10.248   10.0
 2210.0   10.258   10.0
 2220.0   10.272   10.0
 2230.0   10.280   10.0
 2240.0   10.278   10.0
 2250.0   10.298   10.0
 2260.0   10.301   10.0
 2270.0   10.296   10.0
 2280.0   10.310   10.0
 2290.0   10.311   10.0
 2300.0   10.316   10.0
 2310.0   10.323   10.0
 2320.0   10.328   10.0
 2330.0   10.337   10.0
 2340.0   10.364   10.0
 2350.0   10.362   10.0
 2360.0   10.360   10.0
 2370.0   10.375   10.0
 2380.0   10.416   10.0
 2390.0   10.395   10.0
 2400.0   10.394   10.0
 2410.0   10.403   10.0
 2420.0   10.414   10.0
 2430.0   10.420   10.0
 2440.0   10.424   10.0
 2450.0   10.427   10.0
 2460.0   10.441   10.0
 2470.0   10.444   10.0
 2480.0   10.444   10.0
 2490.0   10.451   10.0
 2500.0   10.458   10.0
 2510.0   10.469   10.0
 2520.0   10.471   10.0
 2530.0   10.478   10.0
 2540.0   10.481   10.0
 2550.0   10.493   10.0
 2560.0   10.500   10.0
 2570.0   10.513   10.0
 2580.0   10.523   10.0
 2590.0   10.552   10.0
 2600.0   10.558   10.0
 2610.0   10.533   10.0
 2620.0   10.544   10.0
 2630.0   10.545   10.0
 2640.0   10.562   10.0
 2650.0   10.558   10.0
 2660.0   10.572   10.0
 2670.0   10.577   10.0
 2680.0   10.583   10.0
 2690.0   10.588   10.0
 2700.0   10.595   10.0
 2710.0   10.601   10.0
 2720.0   10.612   10.0
 2730.0   10.626   10.0
 2740.0   10.629   10.0
 2750.0   10.641   10.0
 2760.0   10.644   10.0
 2770.0   10.649   10.0
 2780.0   10.652   10.0
 2790.0   10.673   10.0
 2800.0   10.741   10.0
 2810.0   10.679   10.0
 2820.0   10.679   10.0
 2830.0   10.685   10.0
 2840.0   10.695   10.0
 2850.0   10.714   10.0
 2860.0   10.709   10.0
 2870.0   10.710   10.0
 2880.0   10.720   10.0
 2890.0   10.726   10.0
 2900.0   10.730   10.0
 2910.0   10.735   10.0
 2920.0   10.741   10.0
 2930.0   10.748   10.0
 2940.0   10.758   10.0
 2950.0   10.776   10.0
 2960.0   10.786   10.0
 2970.0   10.780   10.0
 2980.0   10.790   10.0
 2990.0   10.789   10.0
 3000.0   10.793   10.0
 3010.0   10.801   10.0
 3020.0   10.806   10.0
 3030.0   10.811   10.0
 3040.0   10.816   10.0
 3050.0   10.823   10.0
 3060.0   10.832   10.0
 3070.0   10.839   10.0
 3080.0   10.847   10.0
 3090.0   10.853   10.0
 3100.0   10.856   10.0
 3110.0   10.866   10.0
 3120.0   10.866   10.0
 3130.0   10.871   10.0
 3140.0   10.879   10.0
 3150.0   10.886   10.0
 3160.0   10.890   10.0
 3170.0   10.898   10.0
 3180.0   10.905   10.0
 3190.0   10.913   10.0
 3200.0   10.929   10.0
 3210.0   10.929   10.0
 3220.0   10.928   10.0
 3230.0   10.931   10.0
 3240.0   10.936   10.0
 3250.0   10.944   10.0
 3260.0   10.949   10.0
 3270.0   10.954   10.0
 3280.0   10.957   10.0
 3290.0   10.967   10.0
 3300.0   10.976   10.0
 3310.0   10.980   10.0
 3320.0   10.983   10.0
 3330.0   10.989   10.0
 3340.0   10.998   10.0
 3350.0   11.002   10.0
 3360.0   11.004   10.0
 3370.0   11.010   10.0
 3380.0   11.015   10.0
 3390.0   11.023   10.0
 3400.0   11.033   10.0
 3410.0   11.032   10.0
 3420.0   11.039   10.0
 3430.0   11.047   10.0
 3440.0   11.046   10.0
 3450.0   11.061   10.0
 3460.0   11.063   10.0
 3470.0   11.066   10.0
 3480.0   11.071   10.0
 3490.0   11.084   10.0
 3500.0   11.090   10.0
 3510.0   11.097   10.0
 3520.0   11.105   10.0
 3530.0   11.099   10.0
 3540.0   11.110   10.0
 3550.0   11.113   10.0
 3560.0   11.114   10.0
 3570.0   11.117   10.0
 3580.0   11.126   10.0
 3590.0   11.133   10.0
 3600.0   11.136   10.0
 3610.0   11.145   10.0
 3620.0   11.147   10.0
 3630.0   11.151   10.0
 3640.0   11.156   10.0
 3650.0   11.162   10.0
 3660.0   11.169   10.0
 3670.0   11.175   10.0
 3680.0   11.179   10.0
 3690.0   11.182   10.0
 3700.0   11.193   10.0
 3710.0   11.196   10.0
 3720.0   11.197   10.0
 3730.0   11.204   10.0
 3740.0   11.209   10.0
 3750.0   11.216   10.0
 3760.0   11.220   10.0
 3770.0   11.228   10.0
 3780.0   11.229   10.0
 3790.0   11.231   10.0
 3800.0   11.247   10.0
 3810.0   11.233   10.0
 3820.0   11.238   10.0
 3830.0   11.264   10.0
 3840.0   11.274   10.0
 3850.0   11.247   10.0
 3860.0   11.236   10.0
 3870.0   11.248   10.0
 3880.0   11.282   10.0
 3890.0   11.336   10.0
 3900.0   11.294   10.0
 3910.0   11.267   10.0
 3920.0   11.261   10.0
 3930.0   11.264   10.0
 3940.0   11.271   10.0
 3950.0   11.285   10.0
 3960.0   11.331   10.0
 3970.0   11.424   10.0
 3980.0   11.360   10.0
 3990.0   11.311   10.0
 4000.0   11.300   10.0
 4010.0   11.297   10.0
 4020.0   11.300   10.0
 4030.0   11.304   10.0
 4040.0   11.315   10.0
 4050.0   11.319   10.0
 4060.0   11.325   10.0
 4070.0   11.337   10.0
 4080.0   11.348   10.0
 4090.0   11.388   10.0
 4100.0   11.508   10.0
 4110.0   11.459   10.0
 4120.0   11.381   10.0
 4130.0   11.364   10.0
 4140.0   11.356   10.0
 4150.0   11.362   10.0
 4160.0   11.369   10.0
 4170.0   11.374   10.0
 4180.0   11.381   10.0
 4190.0   11.383   10.0
 4200.0   11.392   10.0
 4210.0   11.394   10.0
 4220.0   11.400   10.0
 4230.0   11.403   10.0
 4240.0   11.409   10.0
 4250.0   11.413   10.0
 4260.0   11.418   10.0
 4270.0   11.421   10.0
 4280.0   11.428   10.0
 4290.0   11.434   10.0
 4300.0   11.436   10.0
 4310.0   11.450   10.0
 4320.0   11.463   10.0
 4330.0   11.515   10.0
 4340.0   11.660   10.0
 4350.0   11.567   10.0
 4360.0   11.492   10.0
 4370.0   11.475   10.0
 4380.0   11.474   10.0
 4390.0   11.478   10.0
 4400.0   11.485   10.0
 4410.0   11.487   10.0
 4420.0   11.488   10.0
 4430.0   11.494   10.0
 4440.0   11.501   10.0
 4450.0   11.502   10.0
 4460.0   11.509   10.0
 4470.0   11.514   10.0
 4480.0   11.523   10.0
 4490.0   11.528   10.0
 4500.0   11.531   10.0
 4510.0   11.533   10.0
 4520.0   11.537   10.0
 4530.0   11.539   10.0
 4540.0   11.544   10.0
 4550.0   11.549   10.0
 4560.0   11.552   10.0
 4570.0   11.557   10.0
 4580.0   11.558   10.0
 4590.0   11.564   10.0
 4600.0   11.569   10.0
 4610.0   11.577   10.0
 4620.0   11.579   10.0
 4630.0   11.580   10.0
 4640.0   11.584   10.0
 4650.0   11.591   10.0
 4660.0   11.597   10.0
 4670.0   11.600   10.0
 4680.0   11.616   10.0
 4690.0   11.638   10.0
 4700.0   11.616   10.0
 4710.0   11.619   10.0
 4720.0   11.622   10.0
 4730.0   11.629   10.0
 4740.0   11.629   10.0
 4750.0   11.635   10.0
 4760.0   11.639   10.0
 4770.0   11.646   10.0
 4780.0   11.653   10.0
 4790.0   11.655   10.0
 4800.0   11.664   10.0
 4810.0   11.670   10.0
 4820.0   11.670   10.0
 4830.0   11.674   10.0
 4840.0   11.691   10.0
 4850.0   11.733   10.0
 4860.0   11.886   10.0
 4870.0   11.806   10.0
 4880.0   11.719   10.0
 4890.0   11.702   10.0
 4900.0   11.698   10.0
 4910.0   11.701   10.0
 4920.0   11.704   10.0
 4930.0   11.708   10.0
 4940.0   11.710   10.0
 4950.0   11.716   10.0
 4960.0   11.719   10.0
 4970.0   11.723   10.0
 4980.0   11.728   10.0
 4990.0   11.731   10.0
 5000.0   11.734   10.0
 5010.0   11.736   10.0
 5020.0   11.743   10.0
 5030.0   11.747   10.0
 5040.0   11.748   10.0
 5050.0   11.755   10.0
 5060.0   11.761   10.0
 5070.0   11.764   10.0
 5080.0   11.762   10.0
 5090.0   11.773   10.0
 5100.0   11.774   10.0
 5110.0   11.778   10.0
 5120.0   11.783   10.0
 5130.0   11.785   10.0
 5140.0   11.789   10.0
 5150.0   11.794   10.0
 5160.0   11.798   10.0
 5170.0   11.806   10.0
 5180.0   11.806   10.0
 5190.0   11.811   10.0
 5200.0   11.813   10.0
 5210.0   11.816   10.0
 5220.0   11.820   10.0
 5230.0   11.824   10.0
 5240.0   11.830   10.0
 5250.0   11.831   10.0
 5260.0   11.839   10.0
 5270.0   11.840   10.0
 5280.0   11.845   10.0
 5290.0   11.847   10.0
 5300.0   11.850   10.0
 5310.0   11.855   10.0
 5320.0   11.861   10.0
 5330.0   11.867   10.0
 5340.0   11.869   10.0
 5350.0   11.869   10.0
 5360.0   11.873   10.0
 5370.0   11.875   10.0
 5380.0   11.879   10.0
 5390.0   11.885   10.0
 5400.0   11.887   10.0
 5410.0   11.898   10.0
 5420.0   11.901   10.0
 5430.0   11.898   10.0
 5440.0   11.902   10.0
 5450.0   11.913   10.0
 5460.0   11.923   10.0
 5470.0   11.925   10.0
 5480.0   11.929   10.0
 5490.0   11.929   10.0
 5500.0   11.930   10.0
 5510.0   11.935   10.0
 5520.0   11.938   10.0
 5530.0   11.940   10.0
 5540.0   11.944   10.0
 5550.0   11.953   10.0
 5560.0   11.951   10.0
 5570.0   11.956   10.0
 5580.0   11.961   10.0
 5590.0   11.965   10.0
 5600.0   11.970   10.0
 5610.0   11.974   10.0
 5620.0   11.974   10.0
 5630.0   11.978   10.0
 5640.0   11.984   10.0
 5650.0   11.984   10.0
 5660.0   11.989   10.0
 5670.0   11.994   10.0
 5680.0   11.996   10.0
 5690.0   11.998   10.0
 5700.0   12.004   10.0
 5710.0   12.006   10.0
 5720.0   12.012   10.0
 5730.0   12.014   10.0
 5740.0   12.017   10.0
 5750.0   12.020   10.0
 5760.0   12.022   10.0
 5770.0   12.029   10.0
 5780.0   12.032   10.0
 5790.0   12.033   10.0
 5800.0   12.036   10.0
 5810.0   12.041   10.0
 5820.0   12.047   10.0
 5830.0   12.047   10.0
 5840.0   12.053   10.0
 5850.0   12.056   10.0
 5860.0   12.057   10.0
 5870.0   12.059   10.0
 5880.0   12.064   10.0
 5890.0   12.075   10.0
 5900.0   12.079   10.0
 5910.0   12.076   10.0
 5920.0   12.079   10.0
 5930.0   12.080   10.0
 5940.0   12.084   10.0
 5950.0   12.089   10.0
 5960.0   12.093   10.0
 5970.0   12.095   10.0
 5980.0   12.098   10.0
 5990.0   12.105   10.0
 6000.0   12.104   10.0
 6010.0   12.107   10.0
 6020.0   12.114   10.0
 6030.0   12.115   10.0
 6040.0   12.121   10.0
 6050.0   12.122   10.0
 6060.0   12.125   10.0
 6070.0   12.129   10.0
 6080.0   12.133   10.0
 6090.0   12.136   10.0
 6100.0   12.139   10.0
 6110.0   12.142   10.0
 6120.0   12.144   10.0
 6130.0   12.145   10.0
 6140.0   12.148   10.0
 6150.0   12.156   10.0
 6160.0   12.158   10.0
 6170.0   12.159   10.0
 6180.0   12.163   10.0
 6190.0   12.167   10.0
 6200.0   12.168   10.0
 6210.0   12.174   10.0
 6220.0   12.178   10.0
 6230.0   12.180   10.0
 6240.0   12.189   10.0
 6250.0   12.188   10.0
 6260.0   12.189   10.0
 6270.0   12.194   10.0
 6280.0   12.194   10.0
 6290.0   12.194   10.0
 6300.0   12.202   10.0
 6310.0   12.201   10.0
 6320.0   12.212   10.0
 6330.0   12.226   10.0
 6340.0   12.231   10.0
 6350.0   12.229   10.0
 6360.0   12.229   10.0
 6370.0   12.228   10.0
 6380.0   12.229   10.0
 6390.0   12.233   10.0
 6400.0   12.236   10.0
 6410.0   12.239   10.0
 6420.0   12.245   10.0
 6430.0   12.245   10.0
 6440.0   12.251   10.0
 6450.0   12.250   10.0
 6460.0   12.253   10.0
 6470.0   12.260   10.0
 6480.0   12.263   10.0
 6490.0   12.264   10.0
 6500.0   12.265   10.0
 6510.0   12.266   10.0
 6520.0   12.276   10.0
 6530.0   12.282   10.0
 6540.0   12.292   10.0
 6550.0   12.340   10.0
 6560.0   12.436   10.0
 6570.0   12.437   10.0
 6580.0   12.348   10.0
 6590.0   12.312   10.0
 6600.0   12.299   10.0
 6610.0   12.298   10.0
 6620.0   12.302   10.0
 6630.0   12.305   10.0
 6640.0   12.308   10.0
 6650.0   12.314   10.0
 6660.0   12.316   10.0
 6670.0   12.319   10.0
 6680.0   12.323   10.0
 6690.0   12.325   10.0
 6700.0   12.331   10.0
 6710.0   12.334   10.0
 6720.0   12.334   10.0
 6730.0   12.339   10.0
 6740.0   12.343   10.0
 6750.0   12.343   10.0
 6760.0   12.344   10.0
 6770.0   12.350   10.0
 6780.0   12.352   10.0
 6790.0   12.356   10.0
 6800.0   12.360   10.0
 6810.0   12.362   10.0
 6820.0   12.363   10.0
 6830.0   12.369   10.0
 6840.0   12.374   10.0
 6850.0   12.374   10.0
 6860.0   12.377   10.0
 6870.0   12.385   10.0
 6880.0   12.384   10.0
 6890.0   12.384   10.0
 6900.0   12.388   10.0
 6910.0   12.390   10.0
 6920.0   12.394   10.0
 6930.0   12.394   10.0
 6940.0   12.401   10.0
 6950.0   12.407   10.0
 6960.0   12.409   10.0
 6970.0   12.410   10.0
 6980.0   12.412   10.0
 6990.0   12.414   10.0
 7000.0   12.417   10.0
 7010.0   12.422   10.0
 7020.0   12.426   10.0
 7030.0   12.428   10.0
 7040.0   12.430   10.0
 7050.0   12.431   10.0
 7060.0   12.434   10.0
 7070.0   12.440   10.0
 7080.0   12.444   10.0
 7090.0   12.448   10.0
 7100.0   12.447   10.0
 7110.0   12.451   10.0
 7120.0   12.450   10.0
 7130.0   12.454   10.0
 7140.0   12.458   10.0
 7150.0   12.462   10.0
 7160.0   12.463   10.0
 7170.0   12.466   10.0
 7180.0   12.469   10.0
 7190.0   12.472   10.0
 7200.0   12.475   10.0
 7210.0   12.475   10.0
 7220.0   12.479   10.0
 7230.0   12.483   10.0
 7240.0   12.484   10.0
 7250.0   12.485   10.0
 7260.0   12.492   10.0
 7270.0   12.495   10.0
 7280.0   12.497   10.0
 7290.0   12.501   10.0
 7300.0   12.504   10.0
 7310.0   12.505   10.0
 7320.0   12.506   10.0
 7330.0   12.505   10.0
 7340.0   12.510   10.0
 7350.0   12.519   10.0
 7360.0   12.519   10.0
 7370.0   12.524   10.0
 7380.0   12.524   10.0
 7390.0   12.527   10.0
 7400.0   12.530   10.0
 7410.0   12.534   10.0
 7420.0   12.538   10.0
 7430.0   12.539   10.0
 7440.0   12.540   10.0
 7450.0   12.545   10.0
 7460.0   12.547   10.0
 7470.0   12.550   10.0
 7480.0   12.554   10.0
 7490.0   12.558   10.0
 7500.0   12.559   10.0
 7510.0   12.562   10.0
 7520.0   12.562   10.0
 7530.0   12.564   10.0
 7540.0   12.571   10.0
 7550.0   12.572   10.0
 7560.0   12.570   10.0
 7570.0   12.575   10.0
 7580.0   12.581   10.0
 7590.0   12.580   10.0
 7600.0   12.582   10.0
 7610.0   12.580   10.0
 7620.0   12.586   10.0
 7630.0   12.593   10.0
 7640.0   12.599   10.0
 7650.0   12.597   10.0
 7660.0   12.598   10.0
 7670.0   12.604   10.0
 7680.0   12.606   10.0
 7690.0   12.608   10.0
 7700.0   12.612   10.0
 7710.0   12.614   10.0
 7720.0   12.615   10.0
 7730.0   12.620   10.0
 7740.0   12.621   10.0
 7750.0   12.625   10.0
 7760.0   12.626   10.0
 7770.0   12.629   10.0
 7780.0   12.635   10.0
 7790.0   12.640   10.0
 7800.0   12.638   10.0
 7810.0   12.639   10.0
 7820.0   12.642   10.0
 7830.0   12.645   10.0
 7840.0   12.650   10.0
 7850.0   12.654   10.0
 7860.0   12.655   10.0
 7870.0   12.655   10.0
 7880.0   12.660   10.0
 7890.0   12.664   10.0
 7900.0   12.660   10.0
 7910.0   12.667   10.0
 7920.0   12.676   10.0
 7930.0   12.677   10.0
 7940.0   12.675   10.0
 7950.0   12.676   10.0
 7960.0   12.680   10.0
 7970.0   12.684   10.0
 7980.0   12.682   10.0
 7990.0   12.682   10.0
 8000.0   12.693   10.0
 8010.0   12.691   10.0
 8020.0   12.691   10.0
 8030.0   12.689   10.0
 8040.0   12.700   10.0
 8050.0   12.705   10.0
 8060.0   12.708   10.0
 8070.0   12.707   10.0
 8080.0   12.710   10.0
 8090.0   12.717   10.0
 8100.0   12.717   10.0
 8110.0   12.715   10.0
 8120.0   12.722   10.0
 8130.0   12.725   10.0
 8140.0   12.726   10.0
 8150.0   12.726   10.0
 8160.0   12.728   10.0
 8170.0   12.729   10.0
 8180.0   12.735   10.0
 8190.0   12.740   10.0
 8200.0   12.744   10.0
 8210.0   12.742   10.0
 8220.0   12.745   10.0
 8230.0   12.748   10.0
 8240.0   12.757   10.0
 8250.0   12.752   10.0
 8260.0   12.759   10.0
 8270.0   12.761   10.0
 8280.0   12.759   10.0
 8290.0   12.766   10.0
 8300.0   12.768   10.0
 8310.0   12.770   10.0
 8320.0   12.771   10.0
 8330.0   12.771   10.0
 8340.0   12.775   10.0
 8350.0   12.783   10.0
 8360.0   12.785   10.0
 8370.0   12.780   10.0
 8380.0   12.785   10.0
 8390.0   12.786   10.0
 8400.0   12.790   10.0
 8410.0   12.797   10.0
 8420.0   12.796   10.0
 8430.0   12.797   10.0
 8440.0   12.802   10.0
 8450.0   12.812   10.0
 8460.0   12.809   10.0
 8470.0   12.805   10.0
 8480.0   12.808   10.0
 8490.0   12.808   10.0
 8500.0   12.812   10.0
 8510.0   12.821   10.0
 8520.0   12.828   10.0
 8530.0   12.825   10.0
 8540.0   12.827   10.0
 8550.0   12.825   10.0
 8560.0   12.827   10.0
 8570.0   12.823   10.0
 8580.0   12.823   10.0
 8590.0   12.836   10.0
 8600.0   12.853   10.0
 8610.0   12.846   10.0
 8620.0   12.847   10.0
 8630.0   12.842   10.0
 8640.0   12.847   10.0
 8650.0   12.849   10.0
 8660.0   12.856   10.0
 8670.0   12.860   10.0
 8680.0   12.861   10.0
 8690.0   12.860   10.0
 8700.0   12.854   10.0
 8710.0   12.862   10.0
 8720.0   12.868   10.0
 8730.0   12.871   10.0
 8740.0   12.877   10.0
 8750.0   12.873   10.0
 8760.0   12.869   10.0
 8770.0   12.875   10.0
 8780.0   12.882   10.0
 8790.0   12.883   10.0
 8800.0   12.882   10.0
 8810.0   12.887   10.0
 8820.0   12.891   10.0
 8830.0   12.898   10.0
 8840.0   12.895   10.0
 8850.0   12.892   10.0
 8860.0   12.900   10.0
 8870.0   12.905   10.0
 8880.0   12.908   10.0
 8890.0   12.911   10.0
 8900.0   12.910   10.0
 8910.0   12.909   10.0
 8920.0   12.911   10.0
 8930.0   12.913   10.0
 8940.0   12.920   10.0
 8950.0   12.918   10.0
 8960.0   12.920   10.0
 8970.0   12.927   10.0
 8980.0   12.935   10.0
 8990.0   12.931   10.0
 9000.0   12.937   10.0
 9010.0   12.946   10.0
 9020.0   12.940   10.0
 9030.0   12.944   10.0
 9040.0   12.944   10.0
 9050.0   12.951   10.0
 9060.0   12.949   10.0
 9070.0   12.946   10.0
 9080.0   12.947   10.0
 9090.0   12.955   10.0
 9100.0   12.961   10.0
 9110.0   12.954   10.0
 9120.0   12.963   10.0
 9130.0   12.964   10.0
 9140.0   12.963   10.0
 9150.0   12.959   10.0
 9160.0   12.966   10.0
 9170.0   12.977   10.0
 9180.0   12.979   10.0
 9190.0   12.979   10.0
 9200.0   12.978   10.0
 9210.0   12.993   10.0
 9220.0   13.007   10.0
 9230.0   13.002   10.0
 9240.0   13.001   10.0
 9250.0   13.015   10.0
 9260.0   13.008   10.0
 9270.0   12.997   10.0
 9280.0   13.000   10.0
 9290.0   12.995   10.0
 9300.0   12.989   10.0
 9310.0   13.003   10.0
 9320.0   13.016   10.0
 9330.0   13.017   10.0
 9340.0   13.016   10.0
 9350.0   13.014   10.0
 9360.0   13.019   10.0
 9370.0   13.021   10.0
 9380.0   13.010   10.0
 9390.0   13.017   10.0
 9400.0   13.027   10.0
 9410.0   13.030   10.0
 9420.0   13.035   10.0
 9430.0   13.039   10.0
 9440.0   13.032   10.0
 9450.0   13.032   10.0
 9460.0   13.044   10.0
 9470.0   13.044   10.0
 9480.0   13.038   10.0
 9490.0   13.056   10.0
 9500.0   13.065   10.0
 9510.0   13.059   10.0
 9520.0   13.062   10.0
 9530.0   13.076   10.0
 9540.0   13.086   10.0
 9550.0   13.091   10.0
 9560.0   13.086   10.0
 9570.0   13.083   10.0
 9580.0   13.079   10.0
 9590.0   13.073   10.0
 9600.0   13.074   10.0
 9610.0   13.070   10.0
 9620.0   13.072   10.0
 9630.0   13.069   10.0
 9640.0   13.080   10.0
 9650.0   13.085   10.0
 9660.0   13.078   10.0
 9670.0   13.078   10.0
 9680.0   13.078   10.0
 9690.0   13.080   10.0
 9700.0   13.074   10.0
 9710.0   13.078   10.0
 9720.0   13.090   10.0
 9730.0   13.088   10.0
 9740.0   13.086   10.0
 9750.0   13.091   10.0
 9760.0   13.092   10.0
 9770.0   13.088   10.0
 9780.0   13.098   10.0
 9790.0   13.102   10.0
 9800.0   13.101   10.0
 9810.0   13.108   10.0
 9820.0   13.113   10.0
 9830.0   13.114   10.0
 9840.0   13.114   10.0
 9850.0   13.110   10.0
 9860.0   13.107   10.0
 9870.0   13.109   10.0
 9880.0   13.116   10.0
 9890.0   13.113   10.0
 9900.0   13.121   10.0
 9910.0   13.129   10.0
 9920.0   13.123   10.0
 9930.0   13.143   10.0
 9940.0   13.136   10.0
 9950.0   13.140   10.0
 9960.0   13.137   10.0
 9970.0   13.139   10.0
 9980.0   13.139   10.0
 9990.0   13.131   10.0
10000.0   13.150   10.0
10010.0   13.151   10.0
10020.0   13.160   10.0
10030.0   13.179   10.0
10040.0   13.187   10.0
10050.0   13.194   10.0
10060.0   13.188   10.0
10070.0   13.184   10.0
10080.0   13.174   10.0
10090.0   13.168   10.0
10100.0   13.175   10.0
10110.0   13.163   10.0
10120.0   13.162   10.0
10130.0   13.177   10.0
10140.0   13.167   10.0
10150.0   13.174   10.0
10160.0   13.169   10.0
10170.0   13.170   10.0
10180.0   13.177   10.0
10190.0   13.170   10.0
