 1200.0   11.171   10.0
 1210.0   11.644   10.0
 1220.0   11.801   10.0
 1230.0   11.238   10.0
 1240.0   11.107   10.0
 1250.0   11.091   10.0
 1260.0   11.090   10.0
 1270.0   11.097   10.0
 1280.0   11.106   10.0
 1290.0   11.117   10.0
 1300.0   11.126   10.0
 1310.0   11.133   10.0
 1320.0   11.142   10.0
 1330.0   11.157   10.0
 1340.0   11.164   10.0
 1350.0   11.174   10.0
 1360.0   11.185   10.0
 1370.0   11.192   10.0
 1380.0   11.201   10.0
 1390.0   11.212   10.0
 1400.0   11.222   10.0
 1410.0   11.235   10.0
 1420.0   11.239   10.0
 1430.0   11.250   10.0
 1440.0   11.261   10.0
 1450.0   11.272   10.0
 1460.0   11.280   10.0
 1470.0   11.291   10.0
 1480.0   11.300   10.0
 1490.0   11.307   10.0
 1500.0   11.313   10.0
 1510.0   11.327   10.0
 1520.0   11.338   10.0
 1530.0   11.342   10.0
 1540.0   11.351   10.0
 1550.0   11.356   10.0
 1560.0   11.371   10.0
 1570.0   11.380   10.0
 1580.0   11.387   10.0
 1590.0   11.401   10.0
 1600.0   11.403   10.0
 1610.0   11.412   10.0
 1620.0   11.423   10.0
 1630.0   11.432   10.0
 1640.0   11.440   10.0
 1650.0   11.452   10.0
 1660.0   11.457   10.0
 1670.0   11.463   10.0
 1680.0   11.476   10.0
 1690.0   11.486   10.0
 1700.0   11.491   10.0
 1710.0   11.500   10.0
 1720.0   11.508   10.0
 1730.0   11.520   10.0
 1740.0   11.526   10.0
 1750.0   11.535   10.0
 1760.0   11.543   10.0
 1770.0   11.552   10.0
 1780.0   11.558   10.0
 1790.0   11.566   10.0
 1800.0   11.572   10.0
 1810.0   11.585   10.0
 1820.0   11.595   10.0
 1830.0   11.601   10.0
 1840.0   11.607   10.0
 1850.0   11.615   10.0
 1860.0   11.623   10.0
 1870.0   11.628   10.0
 1880.0   11.640   10.0
 1890.0   11.647   10.0
 1900.0   11.658   10.0
 1910.0   11.664   10.0
 1920.0   11.673   10.0
 1930.0   11.680   10.0
 1940.0   11.686   10.0
 1950.0   11.697   10.0
 1960.0   11.703   10.0
 1970.0   11.713   10.0
 1980.0   11.715   10.0
 1990.0   11.724   10.0
 2000.0   11.732   10.0
 2010.0   11.738   10.0
 2020.0   11.745   10.0
 2030.0   11.752   10.0
 2040.0   11.761   10.0
 2050.0   11.769   10.0
 2060.0   11.773   10.0
 2070.0   11.782   10.0
 2080.0   11.790   10.0
 2090.0   11.799   10.0
 2100.0   11.807   10.0
 2110.0   11.813   10.0
 2120.0   11.819   10.0
 2130.0   11.830   10.0
 2140.0   11.837   10.0
 2150.0   11.841   10.0
 2160.0   11.850   10.0
 2170.0   11.858   10.0
 2180.0   11.866   10.0
 2190.0   11.872   10.0
 2200.0   11.880   10.0
 2210.0   11.887   10.0
 2220.0   11.893   10.0
 2230.0   11.902   10.0
 2240.0   11.907   10.0
 2250.0   11.914   10.0
 2260.0   11.918   10.0
 2270.0   11.927   10.0
 2280.0   11.935   10.0
 2290.0   11.942   10.0
 2300.0   11.946   10.0
 2310.0   11.953   10.0
 2320.0   11.961   10.0
 2330.0   11.968   10.0
 2340.0   11.974   10.0
 2350.0   11.983   10.0
 2360.0   11.988   10.0
 2370.0   11.993   10.0
 2380.0   12.001   10.0
 2390.0   12.007   10.0
 2400.0   12.012   10.0
 2410.0   12.020   10.0
 2420.0   12.028   10.0
 2430.0   12.036   10.0
 2440.0   12.039   10.0
 2450.0   12.047   10.0
 2460.0   12.053   10.0
 2470.0   12.059   10.0
 2480.0   12.064   10.0
 2490.0   12.073   10.0
 2500.0   12.081   10.0
 2510.0   12.087   10.0
 2520.0   12.091   10.0
 2530.0   12.099   10.0
 2540.0   12.104   10.0
 2550.0   12.112   10.0
 2560.0   12.118   10.0
 2570.0   12.123   10.0
 2580.0   12.129   10.0
 2590.0   12.135   10.0
 2600.0   12.143   10.0
 2610.0   12.150   10.0
 2620.0   12.157   10.0
 2630.0   12.160   10.0
 2640.0   12.170   10.0
 2650.0   12.174   10.0
 2660.0   12.181   10.0
 2670.0   12.186   10.0
 2680.0   12.191   10.0
 2690.0   12.199   10.0
 2700.0   12.204   10.0
 2710.0   12.212   10.0
 2720.0   12.220   10.0
 2730.0   12.220   10.0
 2740.0   12.228   10.0
 2750.0   12.236   10.0
 2760.0   12.240   10.0
 2770.0   12.247   10.0
 2780.0   12.253   10.0
 2790.0   12.261   10.0
 2800.0   12.269   10.0
 2810.0   12.267   10.0
 2820.0   12.272   10.0
 2830.0   12.282   10.0
 2840.0   12.286   10.0
 2850.0   12.294   10.0
 2860.0   12.296   10.0
 2870.0   12.301   10.0
 2880.0   12.311   10.0
 2890.0   12.319   10.0
 2900.0   12.323   10.0
 2910.0   12.327   10.0
 2920.0   12.336   10.0
 2930.0   12.339   10.0
 2940.0   12.344   10.0
 2950.0   12.352   10.0
 2960.0   12.354   10.0
 2970.0   12.361   10.0
 2980.0   12.368   10.0
 2990.0   12.371   10.0
 3000.0   12.382   10.0
 3010.0   12.386   10.0
 3020.0   12.390   10.0
 3030.0   12.396   10.0
 3040.0   12.404   10.0
 3050.0   12.408   10.0
 3060.0   12.413   10.0
 3070.0   12.423   10.0
 3080.0   12.429   10.0
 3090.0   12.424   10.0
 3100.0   12.437   10.0
 3110.0   12.444   10.0
 3120.0   12.450   10.0
 3130.0   12.451   10.0
 3140.0   12.456   10.0
 3150.0   12.465   10.0
 3160.0   12.467   10.0
 3170.0   12.475   10.0
 3180.0   12.480   10.0
 3190.0   12.481   10.0
 3200.0   12.491   10.0
 3210.0   12.498   10.0
 3220.0   12.502   10.0
 3230.0   12.504   10.0
 3240.0   12.510   10.0
 3250.0   12.516   10.0
 3260.0   12.521   10.0
 3270.0   12.531   10.0
 3280.0   12.532   10.0
 3290.0   12.534   10.0
 3300.0   12.542   10.0
 3310.0   12.546   10.0
 3320.0   12.550   10.0
 3330.0   12.555   10.0
 3340.0   12.566   10.0
 3350.0   12.568   10.0
 3360.0   12.575   10.0
 3370.0   12.575   10.0
 3380.0   12.580   10.0
 3390.0   12.589   10.0
 3400.0   12.596   10.0
 3410.0   12.599   10.0
 3420.0   12.604   10.0
 3430.0   12.606   10.0
 3440.0   12.612   10.0
 3450.0   12.613   10.0
 3460.0   12.623   10.0
 3470.0   12.624   10.0
 3480.0   12.638   10.0
 3490.0   12.649   10.0
 3500.0   12.644   10.0
 3510.0   12.646   10.0
 3520.0   12.650   10.0
 3530.0   12.656   10.0
 3540.0   12.661   10.0
 3550.0   12.665   10.0
 3560.0   12.669   10.0
 3570.0   12.672   10.0
 3580.0   12.674   10.0
 3590.0   12.682   10.0
 3600.0   12.688   10.0
 3610.0   12.694   10.0
 3620.0   12.697   10.0
 3630.0   12.705   10.0
 3640.0   12.711   10.0
 3650.0   12.713   10.0
 3660.0   12.719   10.0
 3670.0   12.719   10.0
 3680.0   12.725   10.0
 3690.0   12.734   10.0
 3700.0   12.739   10.0
 3710.0   12.747   10.0
 3720.0   12.748   10.0
 3730.0   12.756   10.0
 3740.0   12.756   10.0
 3750.0   12.764   10.0
 3760.0   12.766   10.0
 3770.0   12.771   10.0
 3780.0   12.774   10.0
 3790.0   12.779   10.0
 3800.0   12.781   10.0
 3810.0   12.783   10.0
 3820.0   12.788   10.0
 3830.0   12.798   10.0
 3840.0   12.797   10.0
 3850.0   12.791   10.0
 3860.0   12.791   10.0
 3870.0   12.803   10.0
 3880.0   12.822   10.0
 3890.0   12.838   10.0
 3900.0   12.822   10.0
 3910.0   12.806   10.0
 3920.0   12.801   10.0
 3930.0   12.803   10.0
 3940.0   12.814   10.0
 3950.0   12.845   10.0
 3960.0   12.890   10.0
 3970.0   12.928   10.0
 3980.0   12.899   10.0
 3990.0   12.859   10.0
 4000.0   12.830   10.0
 4010.0   12.810   10.0
 4020.0   12.807   10.0
 4030.0   12.803   10.0
 4040.0   12.807   10.0
 4050.0   12.819   10.0
 4060.0   12.835   10.0
 4070.0   12.865   10.0
 4080.0   12.901   10.0
 4090.0   12.968   10.0
 4100.0   13.045   10.0
 4110.0   13.018   10.0
 4120.0   12.950   10.0
 4130.0   12.902   10.0
 4140.0   12.875   10.0
 4150.0   12.858   10.0
 4160.0   12.851   10.0
 4170.0   12.848   10.0
 4180.0   12.848   10.0
 4190.0   12.851   10.0
 4200.0   12.850   10.0
 4210.0   12.854   10.0
 4220.0   12.859   10.0
 4230.0   12.864   10.0
 4240.0   12.867   10.0
 4250.0   12.872   10.0
 4260.0   12.879   10.0
 4270.0   12.888   10.0
 4280.0   12.901   10.0
 4290.0   12.911   10.0
 4300.0   12.937   10.0
 4310.0   12.968   10.0
 4320.0   13.022   10.0
 4330.0   13.102   10.0
 4340.0   13.191   10.0
 4350.0   13.139   10.0
 4360.0   13.052   10.0
 4370.0   13.005   10.0
 4380.0   12.972   10.0
 4390.0   12.957   10.0
 4400.0   12.947   10.0
 4410.0   12.945   10.0
 4420.0   12.944   10.0
 4430.0   12.946   10.0
 4440.0   12.948   10.0
 4450.0   12.953   10.0
 4460.0   12.955   10.0
 4470.0   12.959   10.0
 4480.0   12.961   10.0
 4490.0   12.963   10.0
 4500.0   12.967   10.0
 4510.0   12.970   10.0
 4520.0   12.975   10.0
 4530.0   12.980   10.0
 4540.0   12.986   10.0
 4550.0   12.990   10.0
 4560.0   12.994   10.0
 4570.0   12.998   10.0
 4580.0   13.001   10.0
 4590.0   13.006   10.0
 4600.0   13.008   10.0
 4610.0   13.016   10.0
 4620.0   13.016   10.0
 4630.0   13.025   10.0
 4640.0   13.025   10.0
 4650.0   13.029   10.0
 4660.0   13.035   10.0
 4670.0   13.039   10.0
 4680.0   13.045   10.0
 4690.0   13.043   10.0
 4700.0   13.051   10.0
 4710.0   13.059   10.0
 4720.0   13.055   10.0
 4730.0   13.064   10.0
 4740.0   13.067   10.0
 4750.0   13.075   10.0
 4760.0   13.080   10.0
 4770.0   13.097   10.0
 4780.0   13.108   10.0
 4790.0   13.111   10.0
 4800.0   13.118   10.0
 4810.0   13.127   10.0
 4820.0   13.144   10.0
 4830.0   13.177   10.0
 4840.0   13.224   10.0
 4850.0   13.297   10.0
 4860.0   13.390   10.0
 4870.0   13.349   10.0
 4880.0   13.269   10.0
 4890.0   13.214   10.0
 4900.0   13.183   10.0
 4910.0   13.165   10.0
 4920.0   13.165   10.0
 4930.0   13.157   10.0
 4940.0   13.155   10.0
 4950.0   13.156   10.0
 4960.0   13.157   10.0
 4970.0   13.160   10.0
 4980.0   13.167   10.0
 4990.0   13.167   10.0
 5000.0   13.171   10.0
 5010.0   13.172   10.0
 5020.0   13.177   10.0
 5030.0   13.178   10.0
 5040.0   13.181   10.0
 5050.0   13.187   10.0
 5060.0   13.191   10.0
 5070.0   13.195   10.0
 5080.0   13.198   10.0
 5090.0   13.201   10.0
 5100.0   13.204   10.0
 5110.0   13.206   10.0
 5120.0   13.209   10.0
 5130.0   13.212   10.0
 5140.0   13.221   10.0
 5150.0   13.225   10.0
 5160.0   13.225   10.0
 5170.0   13.229   10.0
 5180.0   13.232   10.0
 5190.0   13.239   10.0
 5200.0   13.237   10.0
 5210.0   13.244   10.0
 5220.0   13.246   10.0
 5230.0   13.250   10.0
 5240.0   13.254   10.0
 5250.0   13.258   10.0
 5260.0   13.262   10.0
 5270.0   13.263   10.0
 5280.0   13.269   10.0
 5290.0   13.270   10.0
 5300.0   13.276   10.0
 5310.0   13.277   10.0
 5320.0   13.284   10.0
 5330.0   13.287   10.0
 5340.0   13.290   10.0
 5350.0   13.297   10.0
 5360.0   13.299   10.0
 5370.0   13.304   10.0
 5380.0   13.309   10.0
 5390.0   13.309   10.0
 5400.0   13.311   10.0
 5410.0   13.321   10.0
 5420.0   13.319   10.0
 5430.0   13.324   10.0
 5440.0   13.325   10.0
 5450.0   13.332   10.0
 5460.0   13.336   10.0
 5470.0   13.337   10.0
 5480.0   13.345   10.0
 5490.0   13.349   10.0
 5500.0   13.350   10.0
 5510.0   13.356   10.0
 5520.0   13.359   10.0
 5530.0   13.363   10.0
 5540.0   13.367   10.0
 5550.0   13.371   10.0
 5560.0   13.374   10.0
 5570.0   13.377   10.0
 5580.0   13.379   10.0
 5590.0   13.383   10.0
 5600.0   13.385   10.0
 5610.0   13.388   10.0
 5620.0   13.391   10.0
 5630.0   13.395   10.0
 5640.0   13.399   10.0
 5650.0   13.402   10.0
 5660.0   13.407   10.0
 5670.0   13.412   10.0
 5680.0   13.414   10.0
 5690.0   13.419   10.0
 5700.0   13.420   10.0
 5710.0   13.427   10.0
 5720.0   13.428   10.0
 5730.0   13.431   10.0
 5740.0   13.436   10.0
 5750.0   13.435   10.0
 5760.0   13.446   10.0
 5770.0   13.448   10.0
 5780.0   13.448   10.0
 5790.0   13.452   10.0
 5800.0   13.456   10.0
 5810.0   13.460   10.0
 5820.0   13.463   10.0
 5830.0   13.465   10.0
 5840.0   13.468   10.0
 5850.0   13.471   10.0
 5860.0   13.475   10.0
 5870.0   13.479   10.0
 5880.0   13.482   10.0
 5890.0   13.485   10.0
 5900.0   13.488   10.0
 5910.0   13.496   10.0
 5920.0   13.498   10.0
 5930.0   13.501   10.0
 5940.0   13.503   10.0
 5950.0   13.508   10.0
 5960.0   13.508   10.0
 5970.0   13.510   10.0
 5980.0   13.514   10.0
 5990.0   13.520   10.0
 6000.0   13.524   10.0
 6010.0   13.526   10.0
 6020.0   13.527   10.0
 6030.0   13.532   10.0
 6040.0   13.537   10.0
 6050.0   13.539   10.0
 6060.0   13.541   10.0
 6070.0   13.546   10.0
 6080.0   13.551   10.0
 6090.0   13.556   10.0
 6100.0   13.558   10.0
 6110.0   13.559   10.0
 6120.0   13.560   10.0
 6130.0   13.567   10.0
 6140.0   13.569   10.0
 6150.0   13.572   10.0
 6160.0   13.574   10.0
 6170.0   13.575   10.0
 6180.0   13.582   10.0
 6190.0   13.585   10.0
 6200.0   13.590   10.0
 6210.0   13.592   10.0
 6220.0   13.600   10.0
 6230.0   13.600   10.0
 6240.0   13.605   10.0
 6250.0   13.609   10.0
 6260.0   13.610   10.0
 6270.0   13.614   10.0
 6280.0   13.612   10.0
 6290.0   13.614   10.0
 6300.0   13.618   10.0
 6310.0   13.620   10.0
 6320.0   13.626   10.0
 6330.0   13.630   10.0
 6340.0   13.632   10.0
 6350.0   13.635   10.0
 6360.0   13.640   10.0
 6370.0   13.644   10.0
 6380.0   13.646   10.0
 6390.0   13.648   10.0
 6400.0   13.652   10.0
 6410.0   13.656   10.0
 6420.0   13.659   10.0
 6430.0   13.663   10.0
 6440.0   13.667   10.0
 6450.0   13.674   10.0
 6460.0   13.677   10.0
 6470.0   13.680   10.0
 6480.0   13.683   10.0
 6490.0   13.691   10.0
 6500.0   13.699   10.0
 6510.0   13.709   10.0
 6520.0   13.727   10.0
 6530.0   13.745   10.0
 6540.0   13.778   10.0
 6550.0   13.832   10.0
 6560.0   13.887   10.0
 6570.0   13.880   10.0
 6580.0   13.828   10.0
 6590.0   13.789   10.0
 6600.0   13.763   10.0
 6610.0   13.747   10.0
 6620.0   13.739   10.0
 6630.0   13.736   10.0
 6640.0   13.736   10.0
 6650.0   13.733   10.0
 6660.0   13.737   10.0
 6670.0   13.739   10.0
 6680.0   13.738   10.0
 6690.0   13.742   10.0
 6700.0   13.745   10.0
 6710.0   13.748   10.0
 6720.0   13.752   10.0
 6730.0   13.755   10.0
 6740.0   13.755   10.0
 6750.0   13.755   10.0
 6760.0   13.762   10.0
 6770.0   13.764   10.0
 6780.0   13.763   10.0
 6790.0   13.770   10.0
 6800.0   13.771   10.0
 6810.0   13.774   10.0
 6820.0   13.775   10.0
 6830.0   13.781   10.0
 6840.0   13.779   10.0
 6850.0   13.781   10.0
 6860.0   13.786   10.0
 6870.0   13.789   10.0
 6880.0   13.794   10.0
 6890.0   13.798   10.0
 6900.0   13.801   10.0
 6910.0   13.803   10.0
 6920.0   13.806   10.0
 6930.0   13.809   10.0
 6940.0   13.812   10.0
 6950.0   13.815   10.0
 6960.0   13.817   10.0
 6970.0   13.821   10.0
 6980.0   13.825   10.0
 6990.0   13.826   10.0
 7000.0   13.827   10.0
 7010.0   13.831   10.0
 7020.0   13.831   10.0
 7030.0   13.837   10.0
 7040.0   13.839   10.0
 7050.0   13.842   10.0
 7060.0   13.847   10.0
 7070.0   13.851   10.0
 7080.0   13.854   10.0
 7090.0   13.854   10.0
 7100.0   13.857   10.0
 7110.0   13.861   10.0
 7120.0   13.864   10.0
 7130.0   13.865   10.0
 7140.0   13.867   10.0
 7150.0   13.868   10.0
 7160.0   13.870   10.0
 7170.0   13.876   10.0
 7180.0   13.880   10.0
 7190.0   13.880   10.0
 7200.0   13.882   10.0
 7210.0   13.888   10.0
 7220.0   13.892   10.0
 7230.0   13.894   10.0
 7240.0   13.895   10.0
 7250.0   13.898   10.0
 7260.0   13.899   10.0
 7270.0   13.906   10.0
 7280.0   13.909   10.0
 7290.0   13.913   10.0
 7300.0   13.915   10.0
 7310.0   13.914   10.0
 7320.0   13.918   10.0
 7330.0   13.921   10.0
 7340.0   13.928   10.0
 7350.0   13.930   10.0
 7360.0   13.929   10.0
 7370.0   13.926   10.0
 7380.0   13.933   10.0
 7390.0   13.937   10.0
 7400.0   13.940   10.0
 7410.0   13.943   10.0
 7420.0   13.942   10.0
 7430.0   13.948   10.0
 7440.0   13.947   10.0
 7450.0   13.949   10.0
 7460.0   13.952   10.0
 7470.0   13.956   10.0
 7480.0   13.960   10.0
 7490.0   13.966   10.0
 7500.0   13.969   10.0
 7510.0   13.966   10.0
 7520.0   13.971   10.0
 7530.0   13.973   10.0
 7540.0   13.974   10.0
 7550.0   13.973   10.0
 7560.0   13.980   10.0
 7570.0   13.984   10.0
 7580.0   13.989   10.0
 7590.0   13.993   10.0
 7600.0   13.995   10.0
 7610.0   13.995   10.0
 7620.0   13.995   10.0
 7630.0   13.998   10.0
 7640.0   14.001   10.0
 7650.0   14.008   10.0
 7660.0   14.006   10.0
 7670.0   14.008   10.0
 7680.0   14.012   10.0
 7690.0   14.020   10.0
 7700.0   14.020   10.0
 7710.0   14.022   10.0
 7720.0   14.022   10.0
 7730.0   14.022   10.0
 7740.0   14.023   10.0
 7750.0   14.028   10.0
 7760.0   14.032   10.0
 7770.0   14.036   10.0
 7780.0   14.040   10.0
 7790.0   14.043   10.0
 7800.0   14.049   10.0
 7810.0   14.048   10.0
 7820.0   14.045   10.0
 7830.0   14.054   10.0
 7840.0   14.055   10.0
 7850.0   14.058   10.0
 7860.0   14.066   10.0
 7870.0   14.059   10.0
 7880.0   14.062   10.0
 7890.0   14.069   10.0
 7900.0   14.072   10.0
 7910.0   14.076   10.0
 7920.0   14.078   10.0
 7930.0   14.080   10.0
 7940.0   14.079   10.0
 7950.0   14.084   10.0
 7960.0   14.088   10.0
 7970.0   14.091   10.0
 7980.0   14.090   10.0
 7990.0   14.088   10.0
 8000.0   14.090   10.0
 8010.0   14.094   10.0
 8020.0   14.097   10.0
 8030.0   14.097   10.0
 8040.0   14.100   10.0
 8050.0   14.108   10.0
 8060.0   14.115   10.0
 8070.0   14.109   10.0
 8080.0   14.113   10.0
 8090.0   14.120   10.0
 8100.0   14.123   10.0
 8110.0   14.122   10.0
 8120.0   14.122   10.0
 8130.0   14.124   10.0
 8140.0   14.131   10.0
 8150.0   14.136   10.0
 8160.0   14.136   10.0
 8170.0   14.137   10.0
 8180.0   14.137   10.0
 8190.0   14.141   10.0
 8200.0   14.144   10.0
 8210.0   14.137   10.0
 8220.0   14.144   10.0
 8230.0   14.154   10.0
 8240.0   14.156   10.0
 8250.0   14.151   10.0
 8260.0   14.162   10.0
 8270.0   14.162   10.0
 8280.0   14.160   10.0
 8290.0   14.167   10.0
 8300.0   14.171   10.0
 8310.0   14.169   10.0
 8320.0   14.170   10.0
 8330.0   14.173   10.0
 8340.0   14.171   10.0
 8350.0   14.182   10.0
 8360.0   14.187   10.0
 8370.0   14.185   10.0
 8380.0   14.182   10.0
 8390.0   14.188   10.0
 8400.0   14.192   10.0
 8410.0   14.196   10.0
 8420.0   14.196   10.0
 8430.0   14.197   10.0
 8440.0   14.199   10.0
 8450.0   14.202   10.0
 8460.0   14.201   10.0
 8470.0   14.207   10.0
 8480.0   14.208   10.0
 8490.0   14.212   10.0
 8500.0   14.214   10.0
 8510.0   14.218   10.0
 8520.0   14.221   10.0
 8530.0   14.222   10.0
 8540.0   14.223   10.0
 8550.0   14.229   10.0
 8560.0   14.228   10.0
 8570.0   14.235   10.0
 8580.0   14.250   10.0
 8590.0   14.251   10.0
 8600.0   14.241   10.0
 8610.0   14.224   10.0
 8620.0   14.234   10.0
 8630.0   14.260   10.0
 8640.0   14.263   10.0
 8650.0   14.259   10.0
 8660.0   14.251   10.0
 8670.0   14.262   10.0
 8680.0   14.265   10.0
 8690.0   14.257   10.0
 8700.0   14.262   10.0
 8710.0   14.261   10.0
 8720.0   14.266   10.0
 8730.0   14.270   10.0
 8740.0   14.267   10.0
 8750.0   14.273   10.0
 8760.0   14.275   10.0
 8770.0   14.279   10.0
 8780.0   14.281   10.0
 8790.0   14.282   10.0
 8800.0   14.282   10.0
 8810.0   14.285   10.0
 8820.0   14.288   10.0
 8830.0   14.296   10.0
 8840.0   14.294   10.0
 8850.0   14.299   10.0
 8860.0   14.299   10.0
 8870.0   14.301   10.0
 8880.0   14.301   10.0
 8890.0   14.306   10.0
 8900.0   14.312   10.0
 8910.0   14.309   10.0
 8920.0   14.299   10.0
 8930.0   14.319   10.0
 8940.0   14.324   10.0
 8950.0   14.317   10.0
 8960.0   14.321   10.0
 8970.0   14.324   10.0
 8980.0   14.333   10.0
 8990.0   14.330   10.0
 9000.0   14.331   10.0
 9010.0   14.333   10.0
 9020.0   14.338   10.0
 9030.0   14.339   10.0
 9040.0   14.330   10.0
 9050.0   14.343   10.0
 9060.0   14.347   10.0
 9070.0   14.345   10.0
 9080.0   14.342   10.0
 9090.0   14.349   10.0
 9100.0   14.354   10.0
 9110.0   14.348   10.0
 9120.0   14.360   10.0
 9130.0   14.362   10.0
 9140.0   14.357   10.0
 9150.0   14.352   10.0
 9160.0   14.352   10.0
 9170.0   14.368   10.0
 9180.0   14.376   10.0
 9190.0   14.375   10.0
 9200.0   14.374   10.0
 9210.0   14.375   10.0
 9220.0   14.376   10.0
 9230.0   14.383   10.0
 9240.0   14.390   10.0
 9250.0   14.382   10.0
 9260.0   14.384   10.0
 9270.0   14.390   10.0
 9280.0   14.387   10.0
 9290.0   14.379   10.0
 9300.0   14.377   10.0
 9310.0   14.398   10.0
 9320.0   14.399   10.0
 9330.0   14.401   10.0
 9340.0   14.404   10.0
 9350.0   14.409   10.0
 9360.0   14.408   10.0
 9370.0   14.411   10.0
 9380.0   14.411   10.0
 9390.0   14.413   10.0
 9400.0   14.411   10.0
 9410.0   14.417   10.0
 9420.0   14.419   10.0
 9430.0   14.420   10.0
 9440.0   14.415   10.0
 9450.0   14.419   10.0
 9460.0   14.428   10.0
 9470.0   14.429   10.0
 9480.0   14.438   10.0
 9490.0   14.448   10.0
 9500.0   14.451   10.0
 9510.0   14.445   10.0
 9520.0   14.450   10.0
 9530.0   14.457   10.0
 9540.0   14.467   10.0
 9550.0   14.459   10.0
 9560.0   14.454   10.0
 9570.0   14.462   10.0
 9580.0   14.468   10.0
 9590.0   14.463   10.0
 9600.0   14.451   10.0
 9610.0   14.455   10.0
 9620.0   14.472   10.0
 9630.0   14.482   10.0
 9640.0   14.466   10.0
 9650.0   14.463   10.0
 9660.0   14.460   10.0
 9670.0   14.459   10.0
 9680.0   14.465   10.0
 9690.0   14.478   10.0
 9700.0   14.479   10.0
 9710.0   14.472   10.0
 9720.0   14.472   10.0
 9730.0   14.479   10.0
 9740.0   14.491   10.0
 9750.0   14.486   10.0
 9760.0   14.485   10.0
 9770.0   14.482   10.0
 9780.0   14.483   10.0
 9790.0   14.486   10.0
 9800.0   14.486   10.0
 9810.0   14.504   10.0
 9820.0   14.501   10.0
 9830.0   14.508   10.0
 9840.0   14.501   10.0
 9850.0   14.500   10.0
 9860.0   14.502   10.0
 9870.0   14.496   10.0
 9880.0   14.484   10.0
 9890.0   14.496   10.0
 9900.0   14.511   10.0
 9910.0   14.514   10.0
 9920.0   14.532   10.0
 9930.0   14.536   10.0
 9940.0   14.535   10.0
 9950.0   14.539   10.0
 9960.0   14.538   10.0
 9970.0   14.545   10.0
 9980.0   14.543   10.0
 9990.0   14.545   10.0
10000.0   14.539   10.0
10010.0   14.545   10.0
10020.0   14.545   10.0
10030.0   14.572   10.0
10040.0   14.574   10.0
10050.0   14.578   10.0
10060.0   14.584   10.0
10070.0   14.587   10.0
10080.0   14.589   10.0
10090.0   14.590   10.0
10100.0   14.589   10.0
10110.0   14.587   10.0
10120.0   14.586   10.0
10130.0   14.584   10.0
10140.0   14.583   10.0
10150.0   14.582   10.0
10160.0   14.582   10.0
10170.0   14.582   10.0
10180.0   14.583   10.0
10190.0   14.585   10.0
10200.0   14.587   10.0
10210.0   14.588   10.0
10220.0   14.590   10.0
10230.0   14.591   10.0
10240.0   14.591   10.0
10250.0   14.590   10.0
10260.0   14.590   10.0
10270.0   14.591   10.0
10280.0   14.593   10.0
10290.0   14.594   10.0
10300.0   14.596   10.0
10310.0   14.598   10.0
10320.0   14.599   10.0
10330.0   14.601   10.0
10340.0   14.602   10.0
10350.0   14.602   10.0
10360.0   14.601   10.0
10370.0   14.601   10.0
10380.0   14.599   10.0
10390.0   14.597   10.0
10400.0   14.597   10.0
10410.0   14.599   10.0
10420.0   14.602   10.0
10430.0   14.607   10.0
10440.0   14.613   10.0
10450.0   14.619   10.0
10460.0   14.622   10.0
10470.0   14.625   10.0
10480.0   14.626   10.0
10490.0   14.625   10.0
10500.0   14.623   10.0
10510.0   14.624   10.0
10520.0   14.627   10.0
10530.0   14.631   10.0
10540.0   14.634   10.0
10550.0   14.638   10.0
10560.0   14.642   10.0
10570.0   14.645   10.0
10580.0   14.649   10.0
10590.0   14.654   10.0
10600.0   14.659   10.0
10610.0   14.665   10.0
10620.0   14.669   10.0
10630.0   14.670   10.0
10640.0   14.671   10.0
10650.0   14.674   10.0
10660.0   14.678   10.0
10670.0   14.681   10.0
10680.0   14.682   10.0
10690.0   14.682   10.0
10700.0   14.682   10.0
10710.0   14.681   10.0
10720.0   14.681   10.0
10730.0   14.682   10.0
10740.0   14.684   10.0
10750.0   14.687   10.0
10760.0   14.689   10.0
10770.0   14.690   10.0
10780.0   14.692   10.0
10790.0   14.697   10.0
10800.0   14.703   10.0
10810.0   14.708   10.0
10820.0   14.713   10.0
10830.0   14.718   10.0
10840.0   14.722   10.0
10850.0   14.724   10.0
10860.0   14.725   10.0
10870.0   14.733   10.0
10880.0   14.745   10.0
10890.0   14.756   10.0
10900.0   14.763   10.0
10910.0   14.770   10.0
10920.0   14.775   10.0
10930.0   14.778   10.0
10940.0   14.781   10.0
10950.0   14.783   10.0
10960.0   14.783   10.0
10970.0   14.782   10.0
10980.0   14.779   10.0
10990.0   14.774   10.0
11000.0   14.769   10.0
11010.0   14.768   10.0
11020.0   14.767   10.0
11030.0   14.767   10.0
11040.0   14.767   10.0
11050.0   14.768   10.0
11060.0   14.768   10.0
11070.0   14.767   10.0
11080.0   14.767   10.0
11090.0   14.767   10.0
11100.0   14.767   10.0
11110.0   14.768   10.0
11120.0   14.765   10.0
11130.0   14.762   10.0
11140.0   14.760   10.0
11150.0   14.762   10.0
11160.0   14.765   10.0
11170.0   14.768   10.0
11180.0   14.770   10.0
11190.0   14.773   10.0
11200.0   14.774   10.0
11210.0   14.773   10.0
11220.0   14.772   10.0
11230.0   14.772   10.0
11240.0   14.772   10.0
11250.0   14.773   10.0
11260.0   14.774   10.0
11270.0   14.776   10.0
11280.0   14.778   10.0
11290.0   14.779   10.0
11300.0   14.781   10.0
11310.0   14.782   10.0
11320.0   14.782   10.0
11330.0   14.782   10.0
11340.0   14.783   10.0
11350.0   14.786   10.0
11360.0   14.788   10.0
11370.0   14.790   10.0
11380.0   14.792   10.0
11390.0   14.794   10.0
11400.0   14.795   10.0
11410.0   14.797   10.0
11420.0   14.799   10.0
11430.0   14.801   10.0
11440.0   14.803   10.0
11450.0   14.807   10.0
11460.0   14.810   10.0
11470.0   14.814   10.0
11480.0   14.816   10.0
11490.0   14.818   10.0
11500.0   14.819   10.0
11510.0   14.821   10.0
11520.0   14.822   10.0
11530.0   14.824   10.0
11540.0   14.827   10.0
11550.0   14.831   10.0
11560.0   14.833   10.0
11570.0   14.834   10.0
11580.0   14.836   10.0
11590.0   14.838   10.0
11600.0   14.840   10.0
11610.0   14.843   10.0
11620.0   14.846   10.0
11630.0   14.850   10.0
11640.0   14.852   10.0
11650.0   14.854   10.0
11660.0   14.856   10.0
11670.0   14.857   10.0
11680.0   14.856   10.0
11690.0   14.855   10.0
11700.0   14.857   10.0
11710.0   14.859   10.0
11720.0   14.861   10.0
11730.0   14.862   10.0
11740.0   14.864   10.0
11750.0   14.865   10.0
11760.0   14.866   10.0
11770.0   14.868   10.0
11780.0   14.869   10.0
11790.0   14.871   10.0
11800.0   14.873   10.0
11810.0   14.875   10.0
11820.0   14.877   10.0
11830.0   14.879   10.0
11840.0   14.881   10.0
11850.0   14.883   10.0
11860.0   14.885   10.0
11870.0   14.887   10.0
11880.0   14.889   10.0
11890.0   14.891   10.0
11900.0   14.893   10.0
11910.0   14.895   10.0
11920.0   14.897   10.0
11930.0   14.899   10.0
11940.0   14.901   10.0
11950.0   14.903   10.0
11960.0   14.905   10.0
11970.0   14.906   10.0
11980.0   14.908   10.0
11990.0   14.910   10.0
