 2300.0   19.310   10.0
 2310.0   19.182   10.0
 2320.0   19.148   10.0
 2330.0   19.289   10.0
 2340.0   19.456   10.0
 2350.0   19.332   10.0
 2360.0   19.197   10.0
 2370.0   19.205   10.0
 2380.0   19.443   10.0
 2390.0   19.246   10.0
 2400.0   19.402   10.0
 2410.0   19.441   10.0
 2420.0   18.873   10.0
 2430.0   18.806   10.0
 2440.0   18.900   10.0
 2450.0   19.096   10.0
 2460.0   19.138   10.0
 2470.0   19.055   10.0
 2480.0   19.079   10.0
 2490.0   19.240   10.0
 2500.0   18.804   10.0
 2510.0   18.982   10.0
 2520.0   19.297   10.0
 2530.0   19.153   10.0
 2540.0   18.940   10.0
 2550.0   18.740   10.0
 2560.0   18.496   10.0
 2570.0   18.054   10.0
 2580.0   18.055   10.0
 2590.0   18.173   10.0
 2600.0   18.389   10.0
 2610.0   18.530   10.0
 2620.0   18.181   10.0
 2630.0   18.311   10.0
 2640.0   17.265   10.0
 2650.0   17.354   10.0
 2660.0   17.194   10.0
 2670.0   17.274   10.0
 2680.0   17.227   10.0
 2690.0   17.274   10.0
 2700.0   17.209   10.0
 2710.0   17.149   10.0
 2720.0   17.513   10.0
 2730.0   17.281   10.0
 2740.0   17.738   10.0
 2750.0   17.743   10.0
 2760.0   17.346   10.0
 2770.0   17.131   10.0
 2780.0   17.450   10.0
 2790.0   17.942   10.0
 2800.0   18.695   10.0
 2810.0   17.750   10.0
 2820.0   17.054   10.0
 2830.0   16.858   10.0
 2840.0   16.908   10.0
 2850.0   17.666   10.0
 2860.0   17.024   10.0
 2870.0   16.655   10.0
 2880.0   16.944   10.0
 2890.0   16.541   10.0
 2900.0   16.172   10.0
 2910.0   16.096   10.0
 2920.0   16.205   10.0
 2930.0   16.235   10.0
 2940.0   16.248   10.0
 2950.0   16.231   10.0
 2960.0   16.090   10.0
 2970.0   16.443   10.0
 2980.0   16.172   10.0
 2990.0   16.279   10.0
 3000.0   16.433   10.0
 3010.0   16.269   10.0
 3020.0   16.377   10.0
 3030.0   15.964   10.0
 3040.0   16.008   10.0
 3050.0   15.873   10.0
 3060.0   16.080   10.0
 3070.0   16.003   10.0
 3080.0   15.952   10.0
 3090.0   15.994   10.0
 3100.0   16.144   10.0
 3110.0   15.651   10.0
 3120.0   15.826   10.0
 3130.0   15.811   10.0
 3140.0   15.731   10.0
 3150.0   15.802   10.0
 3160.0   15.997   10.0
 3170.0   15.652   10.0
 3180.0   15.802   10.0
 3190.0   15.729   10.0
 3200.0   15.612   10.0
 3210.0   15.659   10.0
 3220.0   15.649   10.0
 3230.0   15.819   10.0
 3240.0   15.698   10.0
 3250.0   15.602   10.0
 3260.0   15.324   10.0
 3270.0   15.346   10.0
 3280.0   15.364   10.0
 3290.0   15.299   10.0
 3300.0   15.182   10.0
 3310.0   15.312   10.0
 3320.0   15.326   10.0
 3330.0   15.297   10.0
 3340.0   15.318   10.0
 3350.0   15.255   10.0
 3360.0   15.391   10.0
 3370.0   15.453   10.0
 3380.0   15.284   10.0
 3390.0   15.279   10.0
 3400.0   15.107   10.0
 3410.0   15.252   10.0
 3420.0   15.210   10.0
 3430.0   15.172   10.0
 3440.0   15.401   10.0
 3450.0   15.233   10.0
 3460.0   15.266   10.0
 3470.0   15.210   10.0
 3480.0   15.302   10.0
 3490.0   15.272   10.0
 3500.0   15.093   10.0
 3510.0   15.144   10.0
 3520.0   15.137   10.0
 3530.0   15.145   10.0
 3540.0   14.981   10.0
 3550.0   14.985   10.0
 3560.0   15.019   10.0
 3570.0   15.329   10.0
 3580.0   15.330   10.0
 3590.0   15.189   10.0
 3600.0   14.927   10.0
 3610.0   15.155   10.0
 3620.0   15.141   10.0
 3630.0   15.008   10.0
 3640.0   14.939   10.0
 3650.0   14.987   10.0
 3660.0   14.787   10.0
 3670.0   14.807   10.0
 3680.0   14.888   10.0
 3690.0   14.857   10.0
 3700.0   14.745   10.0
 3710.0   14.823   10.0
 3720.0   14.901   10.0
 3730.0   14.948   10.0
 3740.0   15.003   10.0
 3750.0   15.006   10.0
 3760.0   14.838   10.0
 3770.0   14.788   10.0
 3780.0   14.569   10.0
 3790.0   14.757   10.0
 3800.0   14.793   10.0
 3810.0   14.676   10.0
 3820.0   14.968   10.0
 3830.0   15.241   10.0
 3840.0   15.065   10.0
 3850.0   14.724   10.0
 3860.0   14.854   10.0
 3870.0   14.804   10.0
 3880.0   14.783   10.0
 3890.0   14.810   10.0
 3900.0   14.603   10.0
 3910.0   14.556   10.0
 3920.0   14.651   10.0
 3930.0   15.386   10.0
 3940.0   15.075   10.0
 3950.0   14.564   10.0
 3960.0   14.739   10.0
 3970.0   15.345   10.0
 3980.0   14.471   10.0
 3990.0   14.307   10.0
 4000.0   14.271   10.0
 4010.0   14.246   10.0
 4020.0   14.182   10.0
 4030.0   14.213   10.0
 4040.0   14.183   10.0
 4050.0   14.223   10.0
 4060.0   14.261   10.0
 4070.0   14.213   10.0
 4080.0   14.208   10.0
 4090.0   14.127   10.0
 4100.0   14.339   10.0
 4110.0   14.145   10.0
 4120.0   14.070   10.0
 4130.0   14.155   10.0
 4140.0   14.094   10.0
 4150.0   14.113   10.0
 4160.0   14.056   10.0
 4170.0   14.102   10.0
 4180.0   14.111   10.0
 4190.0   14.084   10.0
 4200.0   14.172   10.0
 4210.0   14.029   10.0
 4220.0   14.073   10.0
 4230.0   14.155   10.0
 4240.0   14.088   10.0
 4250.0   14.104   10.0
 4260.0   14.089   10.0
 4270.0   14.137   10.0
 4280.0   14.073   10.0
 4290.0   14.157   10.0
 4300.0   14.360   10.0
 4310.0   14.378   10.0
 4320.0   14.008   10.0
 4330.0   14.029   10.0
 4340.0   14.176   10.0
 4350.0   14.016   10.0
 4360.0   13.929   10.0
 4370.0   13.956   10.0
 4380.0   14.030   10.0
 4390.0   14.023   10.0
 4400.0   13.970   10.0
 4410.0   13.939   10.0
 4420.0   13.887   10.0
 4430.0   13.877   10.0
 4440.0   13.862   10.0
 4450.0   13.840   10.0
 4460.0   13.932   10.0
 4470.0   13.821   10.0
 4480.0   13.851   10.0
 4490.0   13.824   10.0
 4500.0   13.761   10.0
 4510.0   13.720   10.0
 4520.0   13.750   10.0
 4530.0   13.867   10.0
 4540.0   13.772   10.0
 4550.0   13.815   10.0
 4560.0   13.751   10.0
 4570.0   13.745   10.0
 4580.0   13.770   10.0
 4590.0   13.756   10.0
 4600.0   13.757   10.0
 4610.0   13.708   10.0
 4620.0   13.690   10.0
 4630.0   13.703   10.0
 4640.0   13.718   10.0
 4650.0   13.758   10.0
 4660.0   13.704   10.0
 4670.0   13.770   10.0
 4680.0   13.722   10.0
 4690.0   13.680   10.0
 4700.0   13.725   10.0
 4710.0   13.740   10.0
 4720.0   13.636   10.0
 4730.0   13.673   10.0
 4740.0   13.662   10.0
 4750.0   13.649   10.0
 4760.0   13.654   10.0
 4770.0   13.647   10.0
 4780.0   13.593   10.0
 4790.0   13.627   10.0
 4800.0   13.604   10.0
 4810.0   13.616   10.0
 4820.0   13.611   10.0
 4830.0   13.687   10.0
 4840.0   13.616   10.0
 4850.0   13.648   10.0
 4860.0   13.853   10.0
 4870.0   13.802   10.0
 4880.0   13.665   10.0
 4890.0   13.667   10.0
 4900.0   13.600   10.0
 4910.0   13.616   10.0
 4920.0   13.688   10.0
 4930.0   13.615   10.0
 4940.0   13.620   10.0
 4950.0   13.559   10.0
 4960.0   13.611   10.0
 4970.0   13.576   10.0
 4980.0   13.605   10.0
 4990.0   13.620   10.0
 5000.0   13.607   10.0
 5010.0   13.635   10.0
 5020.0   13.652   10.0
 5030.0   13.592   10.0
 5040.0   13.610   10.0
 5050.0   13.613   10.0
 5060.0   13.569   10.0
 5070.0   13.565   10.0
 5080.0   13.588   10.0
 5090.0   13.542   10.0
 5100.0   13.569   10.0
 5110.0   13.562   10.0
 5120.0   13.524   10.0
 5130.0   13.549   10.0
 5140.0   13.610   10.0
 5150.0   13.586   10.0
 5160.0   13.575   10.0
 5170.0   13.758   10.0
 5180.0   13.634   10.0
 5190.0   13.654   10.0
 5200.0   13.538   10.0
 5210.0   13.567   10.0
 5220.0   13.530   10.0
 5230.0   13.599   10.0
 5240.0   13.509   10.0
 5250.0   13.508   10.0
 5260.0   13.509   10.0
 5270.0   13.637   10.0
 5280.0   13.517   10.0
 5290.0   13.460   10.0
 5300.0   13.498   10.0
 5310.0   13.459   10.0
 5320.0   13.479   10.0
 5330.0   13.512   10.0
 5340.0   13.486   10.0
 5350.0   13.466   10.0
 5360.0   13.455   10.0
 5370.0   13.494   10.0
 5380.0   13.472   10.0
 5390.0   13.477   10.0
 5400.0   13.505   10.0
 5410.0   13.501   10.0
 5420.0   13.474   10.0
 5430.0   13.472   10.0
 5440.0   13.450   10.0
 5450.0   13.445   10.0
 5460.0   13.445   10.0
 5470.0   13.453   10.0
 5480.0   13.460   10.0
 5490.0   13.435   10.0
 5500.0   13.427   10.0
 5510.0   13.432   10.0
 5520.0   13.422   10.0
 5530.0   13.431   10.0
 5540.0   13.415   10.0
 5550.0   13.407   10.0
 5560.0   13.417   10.0
 5570.0   13.431   10.0
 5580.0   13.430   10.0
 5590.0   13.452   10.0
 5600.0   13.434   10.0
 5610.0   13.412   10.0
 5620.0   13.416   10.0
 5630.0   13.400   10.0
 5640.0   13.407   10.0
 5650.0   13.406   10.0
 5660.0   13.419   10.0
 5670.0   13.392   10.0
 5680.0   13.387   10.0
 5690.0   13.388   10.0
 5700.0   13.390   10.0
 5710.0   13.409   10.0
 5720.0   13.366   10.0
 5730.0   13.344   10.0
 5740.0   13.344   10.0
 5750.0   13.359   10.0
 5760.0   13.358   10.0
 5770.0   13.351   10.0
 5780.0   13.365   10.0
 5790.0   13.361   10.0
 5800.0   13.347   10.0
 5810.0   13.343   10.0
 5820.0   13.330   10.0
 5830.0   13.321   10.0
 5840.0   13.324   10.0
 5850.0   13.339   10.0
 5860.0   13.350   10.0
 5870.0   13.328   10.0
 5880.0   13.339   10.0
 5890.0   13.403   10.0
 5900.0   13.371   10.0
 5910.0   13.334   10.0
 5920.0   13.322   10.0
 5930.0   13.320   10.0
 5940.0   13.314   10.0
 5950.0   13.321   10.0
 5960.0   13.314   10.0
 5970.0   13.308   10.0
 5980.0   13.315   10.0
 5990.0   13.318   10.0
 6000.0   13.317   10.0
 6010.0   13.327   10.0
 6020.0   13.329   10.0
 6030.0   13.314   10.0
 6040.0   13.297   10.0
 6050.0   13.295   10.0
 6060.0   13.299   10.0
 6070.0   13.296   10.0
 6080.0   13.302   10.0
 6090.0   13.307   10.0
 6100.0   13.311   10.0
 6110.0   13.309   10.0
 6120.0   13.310   10.0
 6130.0   13.315   10.0
 6140.0   13.318   10.0
 6150.0   13.313   10.0
 6160.0   13.323   10.0
 6170.0   13.320   10.0
 6180.0   13.302   10.0
 6190.0   13.297   10.0
 6200.0   13.284   10.0
 6210.0   13.285   10.0
 6220.0   13.294   10.0
 6230.0   13.293   10.0
 6240.0   13.304   10.0
 6250.0   13.310   10.0
 6260.0   13.298   10.0
 6270.0   13.281   10.0
 6280.0   13.272   10.0
 6290.0   13.269   10.0
 6300.0   13.282   10.0
 6310.0   13.279   10.0
 6320.0   13.295   10.0
 6330.0   13.291   10.0
 6340.0   13.298   10.0
 6350.0   13.283   10.0
 6360.0   13.290   10.0
 6370.0   13.272   10.0
 6380.0   13.257   10.0
 6390.0   13.260   10.0
 6400.0   13.277   10.0
 6410.0   13.278   10.0
 6420.0   13.271   10.0
 6430.0   13.264   10.0
 6440.0   13.259   10.0
 6450.0   13.259   10.0
 6460.0   13.258   10.0
 6470.0   13.256   10.0
 6480.0   13.251   10.0
 6490.0   13.264   10.0
 6500.0   13.269   10.0
 6510.0   13.238   10.0
 6520.0   13.240   10.0
 6530.0   13.239   10.0
 6540.0   13.240   10.0
 6550.0   13.278   10.0
 6560.0   13.382   10.0
 6570.0   13.348   10.0
 6580.0   13.259   10.0
 6590.0   13.244   10.0
 6600.0   13.232   10.0
 6610.0   13.228   10.0
 6620.0   13.222   10.0
 6630.0   13.230   10.0
 6640.0   13.229   10.0
 6650.0   13.222   10.0
 6660.0   13.224   10.0
 6670.0   13.226   10.0
 6680.0   13.226   10.0
 6690.0   13.220   10.0
 6700.0   13.222   10.0
 6710.0   13.227   10.0
 6720.0   13.230   10.0
 6730.0   13.221   10.0
 6740.0   13.212   10.0
 6750.0   13.210   10.0
 6760.0   13.214   10.0
 6770.0   13.222   10.0
 6780.0   13.210   10.0
 6790.0   13.217   10.0
 6800.0   13.214   10.0
 6810.0   13.212   10.0
 6820.0   13.210   10.0
 6830.0   13.211   10.0
 6840.0   13.221   10.0
 6850.0   13.218   10.0
 6860.0   13.215   10.0
 6870.0   13.209   10.0
 6880.0   13.212   10.0
 6890.0   13.204   10.0
 6900.0   13.198   10.0
 6910.0   13.204   10.0
 6920.0   13.207   10.0
 6930.0   13.201   10.0
 6940.0   13.200   10.0
 6950.0   13.203   10.0
 6960.0   13.197   10.0
 6970.0   13.198   10.0
 6980.0   13.206   10.0
 6990.0   13.197   10.0
 7000.0   13.204   10.0
 7010.0   13.213   10.0
 7020.0   13.216   10.0
 7030.0   13.206   10.0
 7040.0   13.197   10.0
 7050.0   13.188   10.0
 7060.0   13.196   10.0
 7070.0   13.195   10.0
 7080.0   13.195   10.0
 7090.0   13.206   10.0
 7100.0   13.195   10.0
 7110.0   13.197   10.0
 7120.0   13.199   10.0
 7130.0   13.204   10.0
 7140.0   13.194   10.0
 7150.0   13.197   10.0
 7160.0   13.199   10.0
 7170.0   13.195   10.0
 7180.0   13.203   10.0
 7190.0   13.218   10.0
 7200.0   13.210   10.0
 7210.0   13.203   10.0
 7220.0   13.197   10.0
 7230.0   13.191   10.0
 7240.0   13.183   10.0
 7250.0   13.181   10.0
 7260.0   13.188   10.0
 7270.0   13.184   10.0
 7280.0   13.189   10.0
 7290.0   13.203   10.0
 7300.0   13.188   10.0
 7310.0   13.186   10.0
 7320.0   13.181   10.0
 7330.0   13.178   10.0
 7340.0   13.168   10.0
 7350.0   13.177   10.0
 7360.0   13.179   10.0
 7370.0   13.175   10.0
 7380.0   13.181   10.0
 7390.0   13.196   10.0
 7400.0   13.185   10.0
 7410.0   13.193   10.0
 7420.0   13.194   10.0
 7430.0   13.178   10.0
 7440.0   13.176   10.0
 7450.0   13.176   10.0
 7460.0   13.167   10.0
 7470.0   13.161   10.0
 7480.0   13.165   10.0
 7490.0   13.168   10.0
 7500.0   13.174   10.0
 7510.0   13.174   10.0
 7520.0   13.165   10.0
 7530.0   13.164   10.0
 7540.0   13.160   10.0
 7550.0   13.163   10.0
 7560.0   13.160   10.0
 7570.0   13.162   10.0
 7580.0   13.164   10.0
 7590.0   13.166   10.0
 7600.0   13.165   10.0
 7610.0   13.162   10.0
 7620.0   13.162   10.0
 7630.0   13.153   10.0
 7640.0   13.158   10.0
 7650.0   13.168   10.0
 7660.0   13.183   10.0
 7670.0   13.171   10.0
 7680.0   13.156   10.0
 7690.0   13.165   10.0
 7700.0   13.169   10.0
 7710.0   13.168   10.0
 7720.0   13.165   10.0
 7730.0   13.154   10.0
 7740.0   13.157   10.0
 7750.0   13.167   10.0
 7760.0   13.156   10.0
 7770.0   13.155   10.0
 7780.0   13.158   10.0
 7790.0   13.157   10.0
 7800.0   13.152   10.0
 7810.0   13.152   10.0
 7820.0   13.148   10.0
 7830.0   13.153   10.0
 7840.0   13.150   10.0
 7850.0   13.146   10.0
 7860.0   13.146   10.0
 7870.0   13.139   10.0
 7880.0   13.146   10.0
 7890.0   13.137   10.0
 7900.0   13.130   10.0
 7910.0   13.143   10.0
 7920.0   13.163   10.0
 7930.0   13.176   10.0
 7940.0   13.178   10.0
 7950.0   13.162   10.0
 7960.0   13.141   10.0
 7970.0   13.135   10.0
 7980.0   13.134   10.0
 7990.0   13.139   10.0
 8000.0   13.150   10.0
 8010.0   13.143   10.0
 8020.0   13.131   10.0
 8030.0   13.130   10.0
 8040.0   13.140   10.0
 8050.0   13.151   10.0
 8060.0   13.145   10.0
 8070.0   13.140   10.0
 8080.0   13.140   10.0
 8090.0   13.146   10.0
 8100.0   13.148   10.0
 8110.0   13.134   10.0
 8120.0   13.127   10.0
 8130.0   13.129   10.0
 8140.0   13.136   10.0
 8150.0   13.133   10.0
 8160.0   13.128   10.0
 8170.0   13.128   10.0
 8180.0   13.144   10.0
 8190.0   13.158   10.0
 8200.0   13.164   10.0
 8210.0   13.151   10.0
 8220.0   13.156   10.0
 8230.0   13.141   10.0
 8240.0   13.141   10.0
 8250.0   13.135   10.0
 8260.0   13.133   10.0
 8270.0   13.141   10.0
 8280.0   13.133   10.0
 8290.0   13.134   10.0
 8300.0   13.137   10.0
 8310.0   13.139   10.0
 8320.0   13.138   10.0
 8330.0   13.151   10.0
 8340.0   13.152   10.0
 8350.0   13.150   10.0
 8360.0   13.146   10.0
 8370.0   13.136   10.0
 8380.0   13.133   10.0
 8390.0   13.134   10.0
 8400.0   13.125   10.0
 8410.0   13.129   10.0
 8420.0   13.136   10.0
 8430.0   13.137   10.0
 8440.0   13.147   10.0
 8450.0   13.146   10.0
 8460.0   13.136   10.0
 8470.0   13.128   10.0
 8480.0   13.123   10.0
 8490.0   13.154   10.0
 8500.0   13.201   10.0
 8510.0   13.168   10.0
 8520.0   13.167   10.0
 8530.0   13.198   10.0
 8540.0   13.279   10.0
 8550.0   13.253   10.0
 8560.0   13.159   10.0
 8570.0   13.131   10.0
 8580.0   13.125   10.0
 8590.0   13.138   10.0
 8600.0   13.153   10.0
 8610.0   13.150   10.0
 8620.0   13.143   10.0
 8630.0   13.127   10.0
 8640.0   13.131   10.0
 8650.0   13.170   10.0
 8660.0   13.252   10.0
 8670.0   13.242   10.0
 8680.0   13.173   10.0
 8690.0   13.157   10.0
 8700.0   13.132   10.0
 8710.0   13.137   10.0
 8720.0   13.135   10.0
 8730.0   13.142   10.0
 8740.0   13.147   10.0
 8750.0   13.147   10.0
 8760.0   13.136   10.0
 8770.0   13.126   10.0
 8780.0   13.132   10.0
 8790.0   13.139   10.0
 8800.0   13.143   10.0
 8810.0   13.149   10.0
 8820.0   13.136   10.0
 8830.0   13.131   10.0
 8840.0   13.127   10.0
 8850.0   13.121   10.0
 8860.0   13.140   10.0
 8870.0   13.146   10.0
 8880.0   13.133   10.0
 8890.0   13.128   10.0
 8900.0   13.128   10.0
 8910.0   13.129   10.0
 8920.0   13.123   10.0
 8930.0   13.127   10.0
 8940.0   13.127   10.0
 8950.0   13.124   10.0
 8960.0   13.112   10.0
 8970.0   13.117   10.0
 8980.0   13.121   10.0
 8990.0   13.119   10.0
 9000.0   13.143   10.0
 9010.0   13.161   10.0
 9020.0   13.154   10.0
 9030.0   13.126   10.0
 9040.0   13.121   10.0
 9050.0   13.125   10.0
 9060.0   13.126   10.0
 9070.0   13.124   10.0
 9080.0   13.128   10.0
 9090.0   13.146   10.0
 9100.0   13.140   10.0
 9110.0   13.132   10.0
 9120.0   13.126   10.0
 9130.0   13.116   10.0
 9140.0   13.113   10.0
 9150.0   13.109   10.0
 9160.0   13.116   10.0
 9170.0   13.128   10.0
 9180.0   13.126   10.0
 9190.0   13.122   10.0
 9200.0   13.120   10.0
 9210.0   13.142   10.0
 9220.0   13.161   10.0
 9230.0   13.163   10.0
 9240.0   13.147   10.0
 9250.0   13.156   10.0
 9260.0   13.143   10.0
 9270.0   13.128   10.0
 9280.0   13.115   10.0
 9290.0   13.107   10.0
 9300.0   13.093   10.0
 9310.0   13.112   10.0
 9320.0   13.123   10.0
 9330.0   13.120   10.0
 9340.0   13.120   10.0
 9350.0   13.120   10.0
 9360.0   13.125   10.0
 9370.0   13.118   10.0
 9380.0   13.111   10.0
 9390.0   13.122   10.0
 9400.0   13.131   10.0
 9410.0   13.154   10.0
 9420.0   13.158   10.0
 9430.0   13.138   10.0
 9440.0   13.135   10.0
 9450.0   13.127   10.0
 9460.0   13.128   10.0
 9470.0   13.117   10.0
 9480.0   13.106   10.0
 9490.0   13.118   10.0
 9500.0   13.122   10.0
 9510.0   13.115   10.0
 9520.0   13.113   10.0
 9530.0   13.134   10.0
 9540.0   13.147   10.0
 9550.0   13.147   10.0
 9560.0   13.122   10.0
 9570.0   13.124   10.0
 9580.0   13.131   10.0
 9590.0   13.123   10.0
 9600.0   13.120   10.0
 9610.0   13.123   10.0
 9620.0   13.120   10.0
 9630.0   13.118   10.0
 9640.0   13.124   10.0
 9650.0   13.129   10.0
 9660.0   13.130   10.0
 9670.0   13.122   10.0
 9680.0   13.123   10.0
 9690.0   13.114   10.0
 9700.0   13.115   10.0
 9710.0   13.122   10.0
 9720.0   13.128   10.0
 9730.0   13.118   10.0
 9740.0   13.111   10.0
 9750.0   13.109   10.0
 9760.0   13.106   10.0
 9770.0   13.109   10.0
 9780.0   13.114   10.0
 9790.0   13.124   10.0
 9800.0   13.122   10.0
 9810.0   13.120   10.0
 9820.0   13.114   10.0
 9830.0   13.116   10.0
 9840.0   13.118   10.0
 9850.0   13.105   10.0
 9860.0   13.102   10.0
 9870.0   13.114   10.0
 9880.0   13.117   10.0
 9890.0   13.118   10.0
 9900.0   13.120   10.0
 9910.0   13.113   10.0
 9920.0   13.118   10.0
 9930.0   13.116   10.0
 9940.0   13.116   10.0
 9950.0   13.114   10.0
 9960.0   13.110   10.0
 9970.0   13.105   10.0
 9980.0   13.105   10.0
 9990.0   13.112   10.0
10000.0   13.112   10.0
10010.0   13.106   10.0
10020.0   13.125   10.0
10030.0   13.133   10.0
10040.0   13.135   10.0
10050.0   13.147   10.0
10060.0   13.141   10.0
10070.0   13.117   10.0
10080.0   13.111   10.0
10090.0   13.118   10.0
10100.0   13.123   10.0
10110.0   13.111   10.0
10120.0   13.111   10.0
10130.0   13.125   10.0
10140.0   13.131   10.0
10150.0   13.134   10.0
10160.0   13.130   10.0
10170.0   13.120   10.0
10180.0   13.123   10.0
10190.0   13.114   10.0
10200.0   13.114   10.0
10210.0   13.114   10.0
10220.0   13.113   10.0
10230.0   13.112   10.0
10240.0   13.111   10.0
10250.0   13.113   10.0
10260.0   13.115   10.0
10270.0   13.118   10.0
10280.0   13.119   10.0
10290.0   13.119   10.0
10300.0   13.120   10.0
10310.0   13.120   10.0
10320.0   13.121   10.0
10330.0   13.122   10.0
10340.0   13.125   10.0
10350.0   13.128   10.0
10360.0   13.129   10.0
10370.0   13.129   10.0
10380.0   13.128   10.0
10390.0   13.129   10.0
10400.0   13.131   10.0
10410.0   13.131   10.0
10420.0   13.131   10.0
10430.0   13.131   10.0
10440.0   13.130   10.0
10450.0   13.129   10.0
10460.0   13.128   10.0
10470.0   13.129   10.0
10480.0   13.132   10.0
10490.0   13.134   10.0
10500.0   13.137   10.0
10510.0   13.140   10.0
10520.0   13.143   10.0
10530.0   13.144   10.0
10540.0   13.146   10.0
10550.0   13.145   10.0
10560.0   13.140   10.0
10570.0   13.135   10.0
10580.0   13.137   10.0
10590.0   13.143   10.0
10600.0   13.148   10.0
10610.0   13.151   10.0
10620.0   13.151   10.0
10630.0   13.151   10.0
10640.0   13.148   10.0
10650.0   13.145   10.0
10660.0   13.145   10.0
10670.0   13.154   10.0
10680.0   13.163   10.0
10690.0   13.164   10.0
10700.0   13.157   10.0
10710.0   13.150   10.0
10720.0   13.149   10.0
10730.0   13.151   10.0
10740.0   13.153   10.0
10750.0   13.155   10.0
10760.0   13.157   10.0
10770.0   13.157   10.0
10780.0   13.152   10.0
10790.0   13.147   10.0
10800.0   13.149   10.0
10810.0   13.157   10.0
10820.0   13.165   10.0
10830.0   13.170   10.0
10840.0   13.173   10.0
10850.0   13.175   10.0
10860.0   13.171   10.0
10870.0   13.165   10.0
10880.0   13.164   10.0
10890.0   13.172   10.0
10900.0   13.182   10.0
10910.0   13.183   10.0
10920.0   13.176   10.0
10930.0   13.169   10.0
10940.0   13.171   10.0
10950.0   13.178   10.0
10960.0   13.184   10.0
10970.0   13.182   10.0
10980.0   13.179   10.0
10990.0   13.174   10.0
11000.0   13.167   10.0
11010.0   13.160   10.0
11020.0   13.156   10.0
11030.0   13.158   10.0
11040.0   13.159   10.0
11050.0   13.155   10.0
11060.0   13.148   10.0
11070.0   13.142   10.0
11080.0   13.144   10.0
11090.0   13.149   10.0
11100.0   13.153   10.0
11110.0   13.155   10.0
11120.0   13.157   10.0
11130.0   13.155   10.0
11140.0   13.148   10.0
11150.0   13.142   10.0
11160.0   13.142   10.0
11170.0   13.148   10.0
11180.0   13.153   10.0
11190.0   13.151   10.0
11200.0   13.147   10.0
11210.0   13.144   10.0
11220.0   13.144   10.0
11230.0   13.144   10.0
11240.0   13.146   10.0
11250.0   13.150   10.0
11260.0   13.154   10.0
11270.0   13.156   10.0
11280.0   13.156   10.0
11290.0   13.156   10.0
11300.0   13.156   10.0
11310.0   13.156   10.0
11320.0   13.156   10.0
11330.0   13.158   10.0
11340.0   13.159   10.0
11350.0   13.161   10.0
11360.0   13.164   10.0
11370.0   13.167   10.0
11380.0   13.167   10.0
11390.0   13.163   10.0
11400.0   13.160   10.0
11410.0   13.158   10.0
11420.0   13.157   10.0
11430.0   13.156   10.0
11440.0   13.154   10.0
11450.0   13.153   10.0
11460.0   13.152   10.0
11470.0   13.151   10.0
11480.0   13.150   10.0
11490.0   13.147   10.0
11500.0   13.142   10.0
11510.0   13.138   10.0
11520.0   13.142   10.0
11530.0   13.150   10.0
11540.0   13.158   10.0
11550.0   13.163   10.0
11560.0   13.168   10.0
11570.0   13.170   10.0
11580.0   13.166   10.0
11590.0   13.161   10.0
11600.0   13.161   10.0
11610.0   13.165   10.0
11620.0   13.169   10.0
11630.0   13.168   10.0
11640.0   13.165   10.0
11650.0   13.163   10.0
11660.0   13.163   10.0
11670.0   13.165   10.0
11680.0   13.165   10.0
11690.0   13.160   10.0
11700.0   13.155   10.0
11710.0   13.150   10.0
11720.0   13.150   10.0
11730.0   13.151   10.0
11740.0   13.152   10.0
11750.0   13.153   10.0
11760.0   13.152   10.0
11770.0   13.152   10.0
11780.0   13.151   10.0
11790.0   13.151   10.0
11800.0   13.151   10.0
11810.0   13.152   10.0
11820.0   13.153   10.0
11830.0   13.154   10.0
11840.0   13.155   10.0
11850.0   13.156   10.0
11860.0   13.157   10.0
11870.0   13.157   10.0
11880.0   13.158   10.0
11890.0   13.158   10.0
11900.0   13.159   10.0
11910.0   13.160   10.0
11920.0   13.162   10.0
11930.0   13.164   10.0
11940.0   13.166   10.0
11950.0   13.169   10.0
11960.0   13.170   10.0
11970.0   13.170   10.0
11980.0   13.170   10.0
11990.0   13.170   10.0
