 3400.0    9.612   10.0
 3410.0    9.615   10.0
 3420.0    9.591   10.0
 3430.0    9.615   10.0
 3440.0    9.646   10.0
 3450.0    9.660   10.0
 3460.0    9.639   10.0
 3470.0    9.650   10.0
 3480.0    9.677   10.0
 3490.0    9.667   10.0
 3500.0    9.661   10.0
 3510.0    9.680   10.0
 3520.0    9.658   10.0
 3530.0    9.658   10.0
 3540.0    9.672   10.0
 3550.0    9.680   10.0
 3560.0    9.693   10.0
 3570.0    9.688   10.0
 3580.0    9.707   10.0
 3590.0    9.716   10.0
 3600.0    9.713   10.0
 3610.0    9.711   10.0
 3620.0    9.716   10.0
 3630.0    9.734   10.0
 3640.0    9.742   10.0
 3650.0    9.739   10.0
 3660.0    9.746   10.0
 3670.0    9.743   10.0
 3680.0    9.758   10.0
 3690.0    9.764   10.0
 3700.0    9.771   10.0
 3710.0    9.762   10.0
 3720.0    9.777   10.0
 3730.0    9.791   10.0
 3740.0    9.792   10.0
 3750.0    9.796   10.0
 3760.0    9.817   10.0
 3770.0    9.811   10.0
 3780.0    9.808   10.0
 3790.0    9.827   10.0
 3800.0    9.837   10.0
 3810.0    9.839   10.0
 3820.0    9.846   10.0
 3830.0    9.867   10.0
 3840.0    9.866   10.0
 3850.0    9.868   10.0
 3860.0    9.873   10.0
 3870.0    9.872   10.0
 3880.0    9.879   10.0
 3890.0    9.914   10.0
 3900.0    9.898   10.0
 3910.0    9.888   10.0
 3920.0    9.891   10.0
 3930.0    9.896   10.0
 3940.0    9.906   10.0
 3950.0    9.921   10.0
 3960.0    9.947   10.0
 3970.0    9.978   10.0
 3980.0    9.946   10.0
 3990.0    9.926   10.0
 4000.0    9.933   10.0
 4010.0    9.913   10.0
 4020.0    9.930   10.0
 4030.0    9.913   10.0
 4040.0    9.916   10.0
 4050.0    9.916   10.0
 4060.0    9.940   10.0
 4070.0    9.937   10.0
 4080.0    9.951   10.0
 4090.0   10.007   10.0
 4100.0   10.087   10.0
 4110.0   10.043   10.0
 4120.0   10.001   10.0
 4130.0    9.973   10.0
 4140.0    9.978   10.0
 4150.0    9.980   10.0
 4160.0    9.993   10.0
 4170.0    9.993   10.0
 4180.0    9.994   10.0
 4190.0   10.003   10.0
 4200.0   10.020   10.0
 4210.0   10.018   10.0
 4220.0   10.015   10.0
 4230.0   10.023   10.0
 4240.0   10.027   10.0
 4250.0   10.041   10.0
 4260.0   10.053   10.0
 4270.0   10.046   10.0
 4280.0   10.046   10.0
 4290.0   10.055   10.0
 4300.0   10.069   10.0
 4310.0   10.086   10.0
 4320.0   10.100   10.0
 4330.0   10.170   10.0
 4340.0   10.243   10.0
 4350.0   10.174   10.0
 4360.0   10.110   10.0
 4370.0   10.102   10.0
 4380.0   10.102   10.0
 4390.0   10.098   10.0
 4400.0   10.099   10.0
 4410.0   10.102   10.0
 4420.0   10.109   10.0
 4430.0   10.115   10.0
 4440.0   10.128   10.0
 4450.0   10.131   10.0
 4460.0   10.124   10.0
 4470.0   10.133   10.0
 4480.0   10.153   10.0
 4490.0   10.140   10.0
 4500.0   10.148   10.0
 4510.0   10.158   10.0
 4520.0   10.163   10.0
 4530.0   10.176   10.0
 4540.0   10.197   10.0
 4550.0   10.189   10.0
 4560.0   10.182   10.0
 4570.0   10.181   10.0
 4580.0   10.182   10.0
 4590.0   10.183   10.0
 4600.0   10.196   10.0
 4610.0   10.195   10.0
 4620.0   10.200   10.0
 4630.0   10.196   10.0
 4640.0   10.209   10.0
 4650.0   10.208   10.0
 4660.0   10.219   10.0
 4670.0   10.228   10.0
 4680.0   10.294   10.0
 4690.0   10.307   10.0
 4700.0   10.242   10.0
 4710.0   10.232   10.0
 4720.0   10.242   10.0
 4730.0   10.239   10.0
 4740.0   10.252   10.0
 4750.0   10.251   10.0
 4760.0   10.266   10.0
 4770.0   10.262   10.0
 4780.0   10.272   10.0
 4790.0   10.280   10.0
 4800.0   10.271   10.0
 4810.0   10.276   10.0
 4820.0   10.278   10.0
 4830.0   10.295   10.0
 4840.0   10.311   10.0
 4850.0   10.383   10.0
 4860.0   10.474   10.0
 4870.0   10.399   10.0
 4880.0   10.328   10.0
 4890.0   10.340   10.0
 4900.0   10.320   10.0
 4910.0   10.325   10.0
 4920.0   10.329   10.0
 4930.0   10.332   10.0
 4940.0   10.333   10.0
 4950.0   10.346   10.0
 4960.0   10.350   10.0
 4970.0   10.347   10.0
 4980.0   10.355   10.0
 4990.0   10.359   10.0
 5000.0   10.357   10.0
 5010.0   10.370   10.0
 5020.0   10.374   10.0
 5030.0   10.392   10.0
 5040.0   10.384   10.0
 5050.0   10.381   10.0
 5060.0   10.391   10.0
 5070.0   10.393   10.0
 5080.0   10.397   10.0
 5090.0   10.391   10.0
 5100.0   10.407   10.0
 5110.0   10.408   10.0
 5120.0   10.412   10.0
 5130.0   10.413   10.0
 5140.0   10.418   10.0
 5150.0   10.424   10.0
 5160.0   10.418   10.0
 5170.0   10.433   10.0
 5180.0   10.414   10.0
 5190.0   10.425   10.0
 5200.0   10.433   10.0
 5210.0   10.432   10.0
 5220.0   10.440   10.0
 5230.0   10.445   10.0
 5240.0   10.441   10.0
 5250.0   10.447   10.0
 5260.0   10.458   10.0
 5270.0   10.447   10.0
 5280.0   10.440   10.0
 5290.0   10.448   10.0
 5300.0   10.454   10.0
 5310.0   10.462   10.0
 5320.0   10.468   10.0
 5330.0   10.481   10.0
 5340.0   10.479   10.0
 5350.0   10.480   10.0
 5360.0   10.472   10.0
 5370.0   10.489   10.0
 5380.0   10.496   10.0
 5390.0   10.503   10.0
 5400.0   10.520   10.0
 5410.0   10.575   10.0
 5420.0   10.529   10.0
 5430.0   10.515   10.0
 5440.0   10.515   10.0
 5450.0   10.514   10.0
 5460.0   10.518   10.0
 5470.0   10.527   10.0
 5480.0   10.533   10.0
 5490.0   10.536   10.0
 5500.0   10.534   10.0
 5510.0   10.533   10.0
 5520.0   10.524   10.0
 5530.0   10.548   10.0
 5540.0   10.553   10.0
 5550.0   10.558   10.0
 5560.0   10.563   10.0
 5570.0   10.556   10.0
 5580.0   10.557   10.0
 5590.0   10.577   10.0
 5600.0   10.593   10.0
 5610.0   10.594   10.0
 5620.0   10.589   10.0
 5630.0   10.600   10.0
 5640.0   10.616   10.0
 5650.0   10.612   10.0
 5660.0   10.616   10.0
 5670.0   10.625   10.0
 5680.0   10.640   10.0
 5690.0   10.646   10.0
 5700.0   10.644   10.0
 5710.0   10.645   10.0
 5720.0   10.644   10.0
 5730.0   10.642   10.0
 5740.0   10.648   10.0
 5750.0   10.662   10.0
 5760.0   10.652   10.0
 5770.0   10.668   10.0
 5780.0   10.672   10.0
 5790.0   10.668   10.0
 5800.0   10.658   10.0
 5810.0   10.666   10.0
 5820.0   10.683   10.0
 5830.0   10.674   10.0
 5840.0   10.685   10.0
 5850.0   10.673   10.0
 5860.0   10.680   10.0
 5870.0   10.693   10.0
 5880.0   10.703   10.0
 5890.0   10.711   10.0
 5900.0   10.720   10.0
 5910.0   10.711   10.0
 5920.0   10.714   10.0
 5930.0   10.730   10.0
 5940.0   10.751   10.0
 5950.0   10.738   10.0
 5960.0   10.741   10.0
 5970.0   10.759   10.0
 5980.0   10.755   10.0
 5990.0   10.757   10.0
 6000.0   10.764   10.0
 6010.0   10.762   10.0
 6020.0   10.769   10.0
 6030.0   10.750   10.0
 6040.0   10.762   10.0
 6050.0   10.763   10.0
 6060.0   10.779   10.0
 6070.0   10.784   10.0
 6080.0   10.772   10.0
 6090.0   10.779   10.0
 6100.0   10.790   10.0
 6110.0   10.770   10.0
 6120.0   10.775   10.0
 6130.0   10.787   10.0
 6140.0   10.802   10.0
 6150.0   10.795   10.0
 6160.0   10.812   10.0
 6170.0   10.819   10.0
 6180.0   10.820   10.0
 6190.0   10.822   10.0
 6200.0   10.837   10.0
 6210.0   10.817   10.0
 6220.0   10.826   10.0
 6230.0   10.833   10.0
 6240.0   10.825   10.0
 6250.0   10.834   10.0
 6260.0   10.858   10.0
 6270.0   10.858   10.0
 6280.0   10.892   10.0
 6290.0   10.882   10.0
 6300.0   10.886   10.0
 6310.0   10.885   10.0
 6320.0   10.884   10.0
 6330.0   10.873   10.0
 6340.0   10.891   10.0
 6350.0   10.886   10.0
 6360.0   10.880   10.0
 6370.0   10.882   10.0
 6380.0   10.877   10.0
 6390.0   10.893   10.0
 6400.0   10.886   10.0
 6410.0   10.871   10.0
 6420.0   10.873   10.0
 6430.0   10.893   10.0
 6440.0   10.903   10.0
 6450.0   10.909   10.0
 6460.0   10.909   10.0
 6470.0   10.930   10.0
 6480.0   10.933   10.0
 6490.0   10.929   10.0
 6500.0   10.937   10.0
 6510.0   10.912   10.0
 6520.0   10.929   10.0
 6530.0   10.937   10.0
 6540.0   10.957   10.0
 6550.0   11.005   10.0
 6560.0   11.073   10.0
 6570.0   11.051   10.0
 6580.0   10.983   10.0
 6590.0   10.955   10.0
 6600.0   10.942   10.0
 6610.0   10.947   10.0
 6620.0   10.939   10.0
 6630.0   10.946   10.0
 6640.0   10.932   10.0
 6650.0   10.933   10.0
 6660.0   10.939   10.0
 6670.0   10.951   10.0
 6680.0   10.935   10.0
 6690.0   10.952   10.0
 6700.0   10.938   10.0
 6710.0   10.931   10.0
 6720.0   10.937   10.0
 6730.0   10.958   10.0
 6740.0   10.943   10.0
 6750.0   10.950   10.0
 6760.0   10.953   10.0
 6770.0   10.960   10.0
 6780.0   10.946   10.0
 6790.0   10.929   10.0
 6800.0   10.935   10.0
 6810.0   10.951   10.0
 6820.0   10.952   10.0
 6830.0   10.943   10.0
 6840.0   10.963   10.0
 6850.0   10.974   10.0
 6860.0   11.030   10.0
 6870.0   11.224   10.0
 6880.0   11.107   10.0
 6890.0   11.113   10.0
 6900.0   11.101   10.0
 6910.0   11.065   10.0
 6920.0   11.016   10.0
 6930.0   11.016   10.0
 6940.0   11.029   10.0
 6950.0   11.018   10.0
 6960.0   10.999   10.0
 6970.0   10.983   10.0
 6980.0   11.014   10.0
 6990.0   11.050   10.0
 7000.0   11.032   10.0
 7010.0   11.036   10.0
 7020.0   11.041   10.0
 7030.0   11.034   10.0
 7040.0   11.038   10.0
 7050.0   11.032   10.0
 7060.0   11.028   10.0
 7070.0   11.036   10.0
 7080.0   11.037   10.0
 7090.0   11.029   10.0
 7100.0   11.043   10.0
 7110.0   11.032   10.0
 7120.0   11.055   10.0
 7130.0   11.041   10.0
 7140.0   11.056   10.0
 7150.0   11.068   10.0
 7160.0   11.082   10.0
 7170.0   11.191   10.0
 7180.0   11.249   10.0
 7190.0   11.265   10.0
 7200.0   11.251   10.0
 7210.0   11.170   10.0
 7220.0   11.130   10.0
 7230.0   11.178   10.0
 7240.0   11.211   10.0
 7250.0   11.204   10.0
 7260.0   11.211   10.0
 7270.0   11.219   10.0
 7280.0   11.174   10.0
 7290.0   11.199   10.0
 7300.0   11.190   10.0
 7310.0   11.188   10.0
 7320.0   11.150   10.0
 7330.0   11.130   10.0
 7340.0   11.141   10.0
 7350.0   11.142   10.0
 7360.0   11.138   10.0
 7370.0   11.159   10.0
 7380.0   11.138   10.0
 7390.0   11.139   10.0
 7400.0   11.128   10.0
 7410.0   11.144   10.0
 7420.0   11.143   10.0
 7430.0   11.135   10.0
 7440.0   11.146   10.0
 7450.0   11.145   10.0
 7460.0   11.154   10.0
 7470.0   11.146   10.0
 7480.0   11.171   10.0
 7490.0   11.181   10.0
 7500.0   11.130   10.0
 7510.0   11.123   10.0
 7520.0   11.133   10.0
 7530.0   11.171   10.0
 7540.0   11.165   10.0
 7550.0   11.162   10.0
 7560.0   11.159   10.0
 7570.0   11.158   10.0
 7580.0   11.186   10.0
 7590.0   11.405   10.0
 7600.0   12.187   10.0
 7610.0   12.154   10.0
 7620.0   11.705   10.0
 7630.0   11.830   10.0
 7640.0   11.710   10.0
 7650.0   11.553   10.0
 7660.0   11.364   10.0
 7670.0   11.269   10.0
 7680.0   11.223   10.0
 7690.0   11.201   10.0
 7700.0   11.186   10.0
 7710.0   11.183   10.0
 7720.0   11.162   10.0
 7730.0   11.169   10.0
 7740.0   11.175   10.0
 7750.0   11.162   10.0
 7760.0   11.139   10.0
 7770.0   11.162   10.0
 7780.0   11.178   10.0
 7790.0   11.161   10.0
 7800.0   11.192   10.0
 7810.0   11.169   10.0
 7820.0   11.183   10.0
 7830.0   11.198   10.0
 7840.0   11.205   10.0
 7850.0   11.177   10.0
 7860.0   11.160   10.0
 7870.0   11.160   10.0
 7880.0   11.211   10.0
 7890.0   11.214   10.0
 7900.0   11.220   10.0
 7910.0   11.201   10.0
 7920.0   11.170   10.0
 7930.0   11.181   10.0
 7940.0   11.191   10.0
 7950.0   11.169   10.0
 7960.0   11.219   10.0
 7970.0   11.205   10.0
 7980.0   11.216   10.0
 7990.0   11.221   10.0
 8000.0   11.212   10.0
 8010.0   11.227   10.0
 8020.0   11.250   10.0
 8030.0   11.194   10.0
 8040.0   11.230   10.0
 8050.0   11.235   10.0
 8060.0   11.234   10.0
 8070.0   11.203   10.0
 8080.0   11.221   10.0
 8090.0   11.252   10.0
