 3400.0   10.896   10.0
 3410.0   10.890   10.0
 3420.0   10.895   10.0
 3430.0   10.899   10.0
 3440.0   10.904   10.0
 3450.0   10.939   10.0
 3460.0   10.911   10.0
 3470.0   10.926   10.0
 3480.0   10.936   10.0
 3490.0   10.959   10.0
 3500.0   10.948   10.0
 3510.0   10.935   10.0
 3520.0   10.929   10.0
 3530.0   10.941   10.0
 3540.0   10.954   10.0
 3550.0   10.936   10.0
 3560.0   10.962   10.0
 3570.0   10.949   10.0
 3580.0   10.953   10.0
 3590.0   10.990   10.0
 3600.0   10.998   10.0
 3610.0   11.000   10.0
 3620.0   11.035   10.0
 3630.0   11.015   10.0
 3640.0   11.006   10.0
 3650.0   11.021   10.0
 3660.0   11.006   10.0
 3670.0   11.037   10.0
 3680.0   11.024   10.0
 3690.0   11.030   10.0
 3700.0   11.038   10.0
 3710.0   11.062   10.0
 3720.0   11.046   10.0
 3730.0   11.046   10.0
 3740.0   11.060   10.0
 3750.0   11.071   10.0
 3760.0   11.070   10.0
 3770.0   11.098   10.0
 3780.0   11.091   10.0
 3790.0   11.074   10.0
 3800.0   11.118   10.0
 3810.0   11.109   10.0
 3820.0   11.108   10.0
 3830.0   11.143   10.0
 3840.0   11.134   10.0
 3850.0   11.121   10.0
 3860.0   11.120   10.0
 3870.0   11.140   10.0
 3880.0   11.184   10.0
 3890.0   11.221   10.0
 3900.0   11.186   10.0
 3910.0   11.158   10.0
 3920.0   11.167   10.0
 3930.0   11.166   10.0
 3940.0   11.166   10.0
 3950.0   11.199   10.0
 3960.0   11.236   10.0
 3970.0   11.306   10.0
 3980.0   11.236   10.0
 3990.0   11.200   10.0
 4000.0   11.177   10.0
 4010.0   11.193   10.0
 4020.0   11.202   10.0
 4030.0   11.191   10.0
 4040.0   11.194   10.0
 4050.0   11.189   10.0
 4060.0   11.195   10.0
 4070.0   11.214   10.0
 4080.0   11.223   10.0
 4090.0   11.271   10.0
 4100.0   11.391   10.0
 4110.0   11.346   10.0
 4120.0   11.258   10.0
 4130.0   11.254   10.0
 4140.0   11.259   10.0
 4150.0   11.246   10.0
 4160.0   11.243   10.0
 4170.0   11.250   10.0
 4180.0   11.253   10.0
 4190.0   11.270   10.0
 4200.0   11.286   10.0
 4210.0   11.290   10.0
 4220.0   11.295   10.0
 4230.0   11.290   10.0
 4240.0   11.293   10.0
 4250.0   11.302   10.0
 4260.0   11.312   10.0
 4270.0   11.312   10.0
 4280.0   11.309   10.0
 4290.0   11.317   10.0
 4300.0   11.331   10.0
 4310.0   11.336   10.0
 4320.0   11.348   10.0
 4330.0   11.407   10.0
 4340.0   11.532   10.0
 4350.0   11.453   10.0
 4360.0   11.387   10.0
 4370.0   11.367   10.0
 4380.0   11.360   10.0
 4390.0   11.358   10.0
 4400.0   11.363   10.0
 4410.0   11.361   10.0
 4420.0   11.366   10.0
 4430.0   11.368   10.0
 4440.0   11.380   10.0
 4450.0   11.397   10.0
 4460.0   11.397   10.0
 4470.0   11.405   10.0
 4480.0   11.409   10.0
 4490.0   11.408   10.0
 4500.0   11.426   10.0
 4510.0   11.423   10.0
 4520.0   11.434   10.0
 4530.0   11.449   10.0
 4540.0   11.456   10.0
 4550.0   11.459   10.0
 4560.0   11.453   10.0
 4570.0   11.463   10.0
 4580.0   11.466   10.0
 4590.0   11.478   10.0
 4600.0   11.473   10.0
 4610.0   11.474   10.0
 4620.0   11.476   10.0
 4630.0   11.482   10.0
 4640.0   11.491   10.0
 4650.0   11.489   10.0
 4660.0   11.498   10.0
 4670.0   11.505   10.0
 4680.0   11.563   10.0
 4690.0   11.603   10.0
 4700.0   11.517   10.0
 4710.0   11.533   10.0
 4720.0   11.533   10.0
 4730.0   11.525   10.0
 4740.0   11.550   10.0
 4750.0   11.558   10.0
 4760.0   11.556   10.0
 4770.0   11.566   10.0
 4780.0   11.567   10.0
 4790.0   11.563   10.0
 4800.0   11.571   10.0
 4810.0   11.577   10.0
 4820.0   11.584   10.0
 4830.0   11.597   10.0
 4840.0   11.621   10.0
 4850.0   11.664   10.0
 4860.0   11.800   10.0
 4870.0   11.724   10.0
 4880.0   11.644   10.0
 4890.0   11.623   10.0
 4900.0   11.621   10.0
 4910.0   11.617   10.0
 4920.0   11.624   10.0
 4930.0   11.622   10.0
 4940.0   11.637   10.0
 4950.0   11.641   10.0
 4960.0   11.634   10.0
 4970.0   11.636   10.0
 4980.0   11.642   10.0
 4990.0   11.648   10.0
 5000.0   11.652   10.0
 5010.0   11.666   10.0
 5020.0   11.671   10.0
 5030.0   11.675   10.0
 5040.0   11.683   10.0
 5050.0   11.686   10.0
 5060.0   11.687   10.0
 5070.0   11.692   10.0
 5080.0   11.694   10.0
 5090.0   11.705   10.0
 5100.0   11.711   10.0
 5110.0   11.716   10.0
 5120.0   11.734   10.0
 5130.0   11.717   10.0
 5140.0   11.718   10.0
 5150.0   11.746   10.0
 5160.0   11.743   10.0
 5170.0   11.725   10.0
 5180.0   11.729   10.0
 5190.0   11.753   10.0
 5200.0   11.765   10.0
 5210.0   11.761   10.0
 5220.0   11.757   10.0
 5230.0   11.762   10.0
 5240.0   11.778   10.0
 5250.0   11.785   10.0
 5260.0   11.795   10.0
 5270.0   11.783   10.0
 5280.0   11.788   10.0
 5290.0   11.789   10.0
 5300.0   11.771   10.0
 5310.0   11.796   10.0
 5320.0   11.801   10.0
 5330.0   11.801   10.0
 5340.0   11.803   10.0
 5350.0   11.834   10.0
 5360.0   11.852   10.0
 5370.0   11.857   10.0
 5380.0   11.846   10.0
 5390.0   11.841   10.0
 5400.0   11.868   10.0
 5410.0   11.900   10.0
 5420.0   11.868   10.0
 5430.0   11.858   10.0
 5440.0   11.863   10.0
 5450.0   11.860   10.0
 5460.0   11.877   10.0
 5470.0   11.878   10.0
 5480.0   11.873   10.0
 5490.0   11.866   10.0
 5500.0   11.853   10.0
 5510.0   11.868   10.0
 5520.0   11.877   10.0
 5530.0   11.890   10.0
 5540.0   11.884   10.0
 5550.0   11.889   10.0
 5560.0   11.894   10.0
 5570.0   11.896   10.0
 5580.0   11.900   10.0
 5590.0   11.887   10.0
 5600.0   11.891   10.0
 5610.0   11.903   10.0
 5620.0   11.891   10.0
 5630.0   11.907   10.0
 5640.0   11.913   10.0
 5650.0   11.907   10.0
 5660.0   11.923   10.0
 5670.0   11.930   10.0
 5680.0   11.934   10.0
 5690.0   11.953   10.0
 5700.0   11.940   10.0
 5710.0   11.951   10.0
 5720.0   11.951   10.0
 5730.0   11.943   10.0
 5740.0   11.961   10.0
 5750.0   11.963   10.0
 5760.0   11.970   10.0
 5770.0   11.974   10.0
 5780.0   11.979   10.0
 5790.0   11.982   10.0
 5800.0   11.988   10.0
 5810.0   11.991   10.0
 5820.0   11.973   10.0
 5830.0   11.983   10.0
 5840.0   11.979   10.0
 5850.0   11.986   10.0
 5860.0   12.006   10.0
 5870.0   12.012   10.0
 5880.0   12.017   10.0
 5890.0   12.016   10.0
 5900.0   12.011   10.0
 5910.0   11.987   10.0
 5920.0   12.034   10.0
 5930.0   12.039   10.0
 5940.0   12.035   10.0
 5950.0   12.062   10.0
 5960.0   12.046   10.0
 5970.0   12.047   10.0
 5980.0   12.052   10.0
 5990.0   12.055   10.0
 6000.0   12.042   10.0
 6010.0   12.068   10.0
 6020.0   12.065   10.0
 6030.0   12.062   10.0
 6040.0   12.091   10.0
 6050.0   12.067   10.0
 6060.0   12.080   10.0
 6070.0   12.104   10.0
 6080.0   12.108   10.0
 6090.0   12.102   10.0
 6100.0   12.125   10.0
 6110.0   12.111   10.0
 6120.0   12.112   10.0
 6130.0   12.135   10.0
 6140.0   12.137   10.0
 6150.0   12.151   10.0
 6160.0   12.161   10.0
 6170.0   12.151   10.0
 6180.0   12.137   10.0
 6190.0   12.157   10.0
 6200.0   12.156   10.0
 6210.0   12.177   10.0
 6220.0   12.185   10.0
 6230.0   12.167   10.0
 6240.0   12.174   10.0
 6250.0   12.194   10.0
 6260.0   12.198   10.0
 6270.0   12.208   10.0
 6280.0   12.215   10.0
 6290.0   12.227   10.0
 6300.0   12.202   10.0
 6310.0   12.210   10.0
 6320.0   12.203   10.0
 6330.0   12.206   10.0
 6340.0   12.231   10.0
 6350.0   12.224   10.0
 6360.0   12.216   10.0
 6370.0   12.212   10.0
 6380.0   12.234   10.0
 6390.0   12.212   10.0
 6400.0   12.216   10.0
 6410.0   12.234   10.0
 6420.0   12.267   10.0
 6430.0   12.262   10.0
 6440.0   12.257   10.0
 6450.0   12.270   10.0
 6460.0   12.287   10.0
 6470.0   12.278   10.0
 6480.0   12.264   10.0
 6490.0   12.266   10.0
 6500.0   12.276   10.0
 6510.0   12.298   10.0
 6520.0   12.300   10.0
 6530.0   12.300   10.0
 6540.0   12.324   10.0
 6550.0   12.387   10.0
 6560.0   12.496   10.0
 6570.0   12.405   10.0
 6580.0   12.347   10.0
 6590.0   12.328   10.0
 6600.0   12.293   10.0
 6610.0   12.282   10.0
 6620.0   12.287   10.0
 6630.0   12.310   10.0
 6640.0   12.319   10.0
 6650.0   12.310   10.0
 6660.0   12.292   10.0
 6670.0   12.280   10.0
 6680.0   12.303   10.0
 6690.0   12.294   10.0
 6700.0   12.314   10.0
 6710.0   12.321   10.0
 6720.0   12.311   10.0
 6730.0   12.320   10.0
 6740.0   12.326   10.0
 6750.0   12.298   10.0
 6760.0   12.312   10.0
 6770.0   12.321   10.0
 6780.0   12.319   10.0
 6790.0   12.337   10.0
 6800.0   12.304   10.0
 6810.0   12.319   10.0
 6820.0   12.325   10.0
 6830.0   12.305   10.0
 6840.0   12.323   10.0
 6850.0   12.320   10.0
 6860.0   12.393   10.0
 6870.0   12.570   10.0
 6880.0   12.476   10.0
 6890.0   12.458   10.0
 6900.0   12.445   10.0
 6910.0   12.393   10.0
 6920.0   12.373   10.0
 6930.0   12.384   10.0
 6940.0   12.408   10.0
 6950.0   12.405   10.0
 6960.0   12.393   10.0
 6970.0   12.368   10.0
 6980.0   12.367   10.0
 6990.0   12.408   10.0
 7000.0   12.382   10.0
 7010.0   12.395   10.0
 7020.0   12.395   10.0
 7030.0   12.371   10.0
 7040.0   12.384   10.0
 7050.0   12.385   10.0
 7060.0   12.423   10.0
 7070.0   12.397   10.0
 7080.0   12.386   10.0
 7090.0   12.435   10.0
 7100.0   12.375   10.0
 7110.0   12.398   10.0
 7120.0   12.397   10.0
 7130.0   12.409   10.0
 7140.0   12.410   10.0
 7150.0   12.403   10.0
 7160.0   12.399   10.0
 7170.0   12.471   10.0
 7180.0   12.505   10.0
 7190.0   12.560   10.0
 7200.0   12.534   10.0
 7210.0   12.483   10.0
 7220.0   12.419   10.0
 7230.0   12.503   10.0
 7240.0   12.476   10.0
 7250.0   12.478   10.0
 7260.0   12.523   10.0
 7270.0   12.523   10.0
 7280.0   12.505   10.0
 7290.0   12.473   10.0
 7300.0   12.509   10.0
 7310.0   12.527   10.0
 7320.0   12.475   10.0
 7330.0   12.479   10.0
 7340.0   12.483   10.0
 7350.0   12.483   10.0
 7360.0   12.503   10.0
 7370.0   12.477   10.0
 7380.0   12.480   10.0
 7390.0   12.450   10.0
 7400.0   12.476   10.0
 7410.0   12.474   10.0
 7420.0   12.476   10.0
 7430.0   12.479   10.0
 7440.0   12.522   10.0
 7450.0   12.560   10.0
 7460.0   12.551   10.0
 7470.0   12.550   10.0
 7480.0   12.523   10.0
 7490.0   12.516   10.0
 7500.0   12.509   10.0
 7510.0   12.478   10.0
 7520.0   12.502   10.0
 7530.0   12.480   10.0
 7540.0   12.531   10.0
 7550.0   12.551   10.0
 7560.0   12.541   10.0
 7570.0   12.541   10.0
 7580.0   12.609   10.0
 7590.0   12.769   10.0
 7600.0   13.479   10.0
 7610.0   13.543   10.0
 7620.0   13.072   10.0
 7630.0   13.201   10.0
 7640.0   13.047   10.0
 7650.0   12.883   10.0
 7660.0   12.730   10.0
 7670.0   12.677   10.0
 7680.0   12.613   10.0
 7690.0   12.605   10.0
 7700.0   12.599   10.0
 7710.0   12.522   10.0
 7720.0   12.487   10.0
 7730.0   12.463   10.0
 7740.0   12.538   10.0
 7750.0   12.552   10.0
 7760.0   12.621   10.0
 7770.0   12.637   10.0
 7780.0   12.579   10.0
 7790.0   12.628   10.0
 7800.0   12.622   10.0
 7810.0   12.594   10.0
 7820.0   12.510   10.0
 7830.0   12.537   10.0
 7840.0   12.601   10.0
 7850.0   12.632   10.0
 7860.0   12.665   10.0
 7870.0   12.617   10.0
 7880.0   12.623   10.0
 7890.0   12.600   10.0
 7900.0   12.642   10.0
 7910.0   12.689   10.0
 7920.0   12.635   10.0
 7930.0   12.650   10.0
 7940.0   12.684   10.0
 7950.0   12.650   10.0
 7960.0   12.493   10.0
 7970.0   12.583   10.0
 7980.0   12.578   10.0
 7990.0   12.568   10.0
 8000.0   12.540   10.0
 8010.0   12.557   10.0
 8020.0   12.630   10.0
 8030.0   12.638   10.0
 8040.0   12.655   10.0
 8050.0   12.555   10.0
 8060.0   12.652   10.0
 8070.0   12.619   10.0
 8080.0   12.643   10.0
 8090.0   12.628   10.0
 8100.0   12.698   10.0
 8110.0   12.718   10.0
 8120.0   12.707   10.0
 8130.0   12.816   10.0
 8140.0   12.676   10.0
 8150.0   12.785   10.0
 8160.0   12.807   10.0
 8170.0   12.880   10.0
 8180.0   12.883   10.0
 8190.0   12.821   10.0
 8200.0   12.759   10.0
 8210.0   12.738   10.0
 8220.0   12.778   10.0
 8230.0   12.996   10.0
 8240.0   12.817   10.0
 8250.0   12.737   10.0
 8260.0   12.727   10.0
 8270.0   12.837   10.0
 8280.0   13.044   10.0
 8290.0   13.013   10.0
