 3400.0   10.912   10.0
 3410.0   10.910   10.0
 3420.0   10.929   10.0
 3430.0   10.933   10.0
 3440.0   10.948   10.0
 3450.0   10.959   10.0
 3460.0   10.965   10.0
 3470.0   10.956   10.0
 3480.0   10.970   10.0
 3490.0   10.991   10.0
 3500.0   10.990   10.0
 3510.0   10.979   10.0
 3520.0   11.000   10.0
 3530.0   10.989   10.0
 3540.0   10.971   10.0
 3550.0   10.986   10.0
 3560.0   10.989   10.0
 3570.0   11.006   10.0
 3580.0   11.016   10.0
 3590.0   11.012   10.0
 3600.0   11.019   10.0
 3610.0   11.014   10.0
 3620.0   11.038   10.0
 3630.0   11.030   10.0
 3640.0   11.051   10.0
 3650.0   11.047   10.0
 3660.0   11.037   10.0
 3670.0   11.044   10.0
 3680.0   11.048   10.0
 3690.0   11.059   10.0
 3700.0   11.065   10.0
 3710.0   11.059   10.0
 3720.0   11.073   10.0
 3730.0   11.090   10.0
 3740.0   11.107   10.0
 3750.0   11.099   10.0
 3760.0   11.110   10.0
 3770.0   11.122   10.0
 3780.0   11.123   10.0
 3790.0   11.123   10.0
 3800.0   11.132   10.0
 3810.0   11.147   10.0
 3820.0   11.151   10.0
 3830.0   11.165   10.0
 3840.0   11.150   10.0
 3850.0   11.164   10.0
 3860.0   11.168   10.0
 3870.0   11.171   10.0
 3880.0   11.196   10.0
 3890.0   11.208   10.0
 3900.0   11.194   10.0
 3910.0   11.186   10.0
 3920.0   11.189   10.0
 3930.0   11.188   10.0
 3940.0   11.212   10.0
 3950.0   11.223   10.0
 3960.0   11.244   10.0
 3970.0   11.259   10.0
 3980.0   11.240   10.0
 3990.0   11.217   10.0
 4000.0   11.205   10.0
 4010.0   11.194   10.0
 4020.0   11.192   10.0
 4030.0   11.185   10.0
 4040.0   11.196   10.0
 4050.0   11.222   10.0
 4060.0   11.221   10.0
 4070.0   11.241   10.0
 4080.0   11.270   10.0
 4090.0   11.308   10.0
 4100.0   11.355   10.0
 4110.0   11.337   10.0
 4120.0   11.298   10.0
 4130.0   11.261   10.0
 4140.0   11.267   10.0
 4150.0   11.248   10.0
 4160.0   11.244   10.0
 4170.0   11.246   10.0
 4180.0   11.250   10.0
 4190.0   11.264   10.0
 4200.0   11.259   10.0
 4210.0   11.266   10.0
 4220.0   11.280   10.0
 4230.0   11.283   10.0
 4240.0   11.281   10.0
 4250.0   11.290   10.0
 4260.0   11.309   10.0
 4270.0   11.311   10.0
 4280.0   11.307   10.0
 4290.0   11.318   10.0
 4300.0   11.340   10.0
 4310.0   11.367   10.0
 4320.0   11.397   10.0
 4330.0   11.460   10.0
 4340.0   11.505   10.0
 4350.0   11.463   10.0
 4360.0   11.411   10.0
 4370.0   11.389   10.0
 4380.0   11.375   10.0
 4390.0   11.369   10.0
 4400.0   11.360   10.0
 4410.0   11.356   10.0
 4420.0   11.364   10.0
 4430.0   11.364   10.0
 4440.0   11.376   10.0
 4450.0   11.383   10.0
 4460.0   11.381   10.0
 4470.0   11.392   10.0
 4480.0   11.397   10.0
 4490.0   11.387   10.0
 4500.0   11.399   10.0
 4510.0   11.403   10.0
 4520.0   11.411   10.0
 4530.0   11.407   10.0
 4540.0   11.411   10.0
 4550.0   11.411   10.0
 4560.0   11.417   10.0
 4570.0   11.425   10.0
 4580.0   11.421   10.0
 4590.0   11.431   10.0
 4600.0   11.445   10.0
 4610.0   11.442   10.0
 4620.0   11.446   10.0
 4630.0   11.455   10.0
 4640.0   11.452   10.0
 4650.0   11.455   10.0
 4660.0   11.458   10.0
 4670.0   11.462   10.0
 4680.0   11.466   10.0
 4690.0   11.474   10.0
 4700.0   11.471   10.0
 4710.0   11.485   10.0
 4720.0   11.497   10.0
 4730.0   11.505   10.0
 4740.0   11.505   10.0
 4750.0   11.518   10.0
 4760.0   11.528   10.0
 4770.0   11.526   10.0
 4780.0   11.528   10.0
 4790.0   11.544   10.0
 4800.0   11.559   10.0
 4810.0   11.567   10.0
 4820.0   11.576   10.0
 4830.0   11.602   10.0
 4840.0   11.645   10.0
 4850.0   11.696   10.0
 4860.0   11.748   10.0
 4870.0   11.718   10.0
 4880.0   11.681   10.0
 4890.0   11.654   10.0
 4900.0   11.628   10.0
 4910.0   11.627   10.0
 4920.0   11.627   10.0
 4930.0   11.619   10.0
 4940.0   11.625   10.0
 4950.0   11.619   10.0
 4960.0   11.618   10.0
 4970.0   11.617   10.0
 4980.0   11.632   10.0
 4990.0   11.639   10.0
 5000.0   11.637   10.0
 5010.0   11.649   10.0
 5020.0   11.654   10.0
 5030.0   11.650   10.0
 5040.0   11.655   10.0
 5050.0   11.652   10.0
 5060.0   11.658   10.0
 5070.0   11.666   10.0
 5080.0   11.667   10.0
 5090.0   11.661   10.0
 5100.0   11.671   10.0
 5110.0   11.671   10.0
 5120.0   11.674   10.0
 5130.0   11.681   10.0
 5140.0   11.684   10.0
 5150.0   11.690   10.0
 5160.0   11.698   10.0
 5170.0   11.703   10.0
 5180.0   11.714   10.0
 5190.0   11.716   10.0
 5200.0   11.711   10.0
 5210.0   11.716   10.0
 5220.0   11.726   10.0
 5230.0   11.725   10.0
 5240.0   11.728   10.0
 5250.0   11.735   10.0
 5260.0   11.746   10.0
 5270.0   11.740   10.0
 5280.0   11.738   10.0
 5290.0   11.758   10.0
 5300.0   11.766   10.0
 5310.0   11.777   10.0
 5320.0   11.766   10.0
 5330.0   11.769   10.0
 5340.0   11.767   10.0
 5350.0   11.779   10.0
 5360.0   11.790   10.0
 5370.0   11.804   10.0
 5380.0   11.798   10.0
 5390.0   11.793   10.0
 5400.0   11.812   10.0
 5410.0   11.813   10.0
 5420.0   11.805   10.0
 5430.0   11.812   10.0
 5440.0   11.812   10.0
 5450.0   11.814   10.0
 5460.0   11.832   10.0
 5470.0   11.830   10.0
 5480.0   11.851   10.0
 5490.0   11.847   10.0
 5500.0   11.846   10.0
 5510.0   11.845   10.0
 5520.0   11.846   10.0
 5530.0   11.838   10.0
 5540.0   11.842   10.0
 5550.0   11.845   10.0
 5560.0   11.861   10.0
 5570.0   11.854   10.0
 5580.0   11.850   10.0
 5590.0   11.856   10.0
 5600.0   11.859   10.0
 5610.0   11.861   10.0
 5620.0   11.873   10.0
 5630.0   11.878   10.0
 5640.0   11.882   10.0
 5650.0   11.893   10.0
 5660.0   11.896   10.0
 5670.0   11.895   10.0
 5680.0   11.903   10.0
 5690.0   11.899   10.0
 5700.0   11.895   10.0
 5710.0   11.902   10.0
 5720.0   11.914   10.0
 5730.0   11.909   10.0
 5740.0   11.915   10.0
 5750.0   11.926   10.0
 5760.0   11.933   10.0
 5770.0   11.927   10.0
 5780.0   11.929   10.0
 5790.0   11.932   10.0
 5800.0   11.925   10.0
 5810.0   11.926   10.0
 5820.0   11.942   10.0
 5830.0   11.947   10.0
 5840.0   11.958   10.0
 5850.0   11.948   10.0
 5860.0   11.946   10.0
 5870.0   11.954   10.0
 5880.0   11.964   10.0
 5890.0   11.976   10.0
 5900.0   11.967   10.0
 5910.0   11.981   10.0
 5920.0   11.969   10.0
 5930.0   11.973   10.0
 5940.0   11.989   10.0
 5950.0   11.996   10.0
 5960.0   11.992   10.0
 5970.0   12.016   10.0
 5980.0   12.016   10.0
 5990.0   12.014   10.0
 6000.0   12.009   10.0
 6010.0   12.012   10.0
 6020.0   12.010   10.0
 6030.0   12.032   10.0
 6040.0   12.036   10.0
 6050.0   12.035   10.0
 6060.0   12.040   10.0
 6070.0   12.060   10.0
 6080.0   12.052   10.0
 6090.0   12.054   10.0
 6100.0   12.050   10.0
 6110.0   12.050   10.0
 6120.0   12.057   10.0
 6130.0   12.079   10.0
 6140.0   12.078   10.0
 6150.0   12.074   10.0
 6160.0   12.075   10.0
 6170.0   12.094   10.0
 6180.0   12.101   10.0
 6190.0   12.089   10.0
 6200.0   12.093   10.0
 6210.0   12.102   10.0
 6220.0   12.106   10.0
 6230.0   12.091   10.0
 6240.0   12.111   10.0
 6250.0   12.121   10.0
 6260.0   12.127   10.0
 6270.0   12.155   10.0
 6280.0   12.166   10.0
 6290.0   12.157   10.0
 6300.0   12.161   10.0
 6310.0   12.153   10.0
 6320.0   12.170   10.0
 6330.0   12.161   10.0
 6340.0   12.163   10.0
 6350.0   12.170   10.0
 6360.0   12.186   10.0
 6370.0   12.177   10.0
 6380.0   12.176   10.0
 6390.0   12.187   10.0
 6400.0   12.187   10.0
 6410.0   12.189   10.0
 6420.0   12.197   10.0
 6430.0   12.190   10.0
 6440.0   12.196   10.0
 6450.0   12.218   10.0
 6460.0   12.218   10.0
 6470.0   12.220   10.0
 6480.0   12.235   10.0
 6490.0   12.231   10.0
 6500.0   12.217   10.0
 6510.0   12.226   10.0
 6520.0   12.239   10.0
 6530.0   12.254   10.0
 6540.0   12.271   10.0
 6550.0   12.336   10.0
 6560.0   12.379   10.0
 6570.0   12.344   10.0
 6580.0   12.289   10.0
 6590.0   12.271   10.0
 6600.0   12.250   10.0
 6610.0   12.251   10.0
 6620.0   12.243   10.0
 6630.0   12.254   10.0
 6640.0   12.236   10.0
 6650.0   12.237   10.0
 6660.0   12.247   10.0
 6670.0   12.236   10.0
 6680.0   12.240   10.0
 6690.0   12.250   10.0
 6700.0   12.252   10.0
 6710.0   12.252   10.0
 6720.0   12.224   10.0
 6730.0   12.247   10.0
 6740.0   12.242   10.0
 6750.0   12.247   10.0
 6760.0   12.268   10.0
 6770.0   12.254   10.0
 6780.0   12.247   10.0
 6790.0   12.247   10.0
 6800.0   12.269   10.0
 6810.0   12.249   10.0
 6820.0   12.269   10.0
 6830.0   12.269   10.0
 6840.0   12.267   10.0
 6850.0   12.276   10.0
 6860.0   12.342   10.0
 6870.0   12.470   10.0
 6880.0   12.417   10.0
 6890.0   12.372   10.0
 6900.0   12.371   10.0
 6910.0   12.346   10.0
 6920.0   12.301   10.0
 6930.0   12.305   10.0
 6940.0   12.319   10.0
 6950.0   12.307   10.0
 6960.0   12.294   10.0
 6970.0   12.298   10.0
 6980.0   12.297   10.0
 6990.0   12.306   10.0
 7000.0   12.312   10.0
 7010.0   12.320   10.0
 7020.0   12.303   10.0
 7030.0   12.310   10.0
 7040.0   12.343   10.0
 7050.0   12.323   10.0
 7060.0   12.334   10.0
 7070.0   12.327   10.0
 7080.0   12.327   10.0
 7090.0   12.342   10.0
 7100.0   12.353   10.0
 7110.0   12.346   10.0
 7120.0   12.333   10.0
 7130.0   12.346   10.0
 7140.0   12.327   10.0
 7150.0   12.354   10.0
 7160.0   12.358   10.0
 7170.0   12.427   10.0
 7180.0   12.493   10.0
 7190.0   12.518   10.0
 7200.0   12.488   10.0
 7210.0   12.440   10.0
 7220.0   12.419   10.0
 7230.0   12.444   10.0
 7240.0   12.487   10.0
 7250.0   12.475   10.0
 7260.0   12.475   10.0
 7270.0   12.453   10.0
 7280.0   12.418   10.0
 7290.0   12.466   10.0
 7300.0   12.457   10.0
 7310.0   12.420   10.0
 7320.0   12.410   10.0
 7330.0   12.403   10.0
 7340.0   12.416   10.0
 7350.0   12.407   10.0
 7360.0   12.424   10.0
 7370.0   12.411   10.0
 7380.0   12.393   10.0
 7390.0   12.401   10.0
 7400.0   12.393   10.0
 7410.0   12.406   10.0
 7420.0   12.408   10.0
 7430.0   12.390   10.0
 7440.0   12.432   10.0
 7450.0   12.446   10.0
 7460.0   12.420   10.0
 7470.0   12.414   10.0
 7480.0   12.414   10.0
 7490.0   12.398   10.0
 7500.0   12.410   10.0
 7510.0   12.415   10.0
 7520.0   12.405   10.0
 7530.0   12.407   10.0
 7540.0   12.413   10.0
 7550.0   12.442   10.0
 7560.0   12.447   10.0
 7570.0   12.448   10.0
 7580.0   12.469   10.0
 7590.0   12.592   10.0
 7600.0   13.029   10.0
 7610.0   13.139   10.0
 7620.0   12.885   10.0
 7630.0   12.941   10.0
 7640.0   12.878   10.0
 7650.0   12.735   10.0
 7660.0   12.592   10.0
 7670.0   12.516   10.0
 7680.0   12.434   10.0
 7690.0   12.470   10.0
 7700.0   12.480   10.0
 7710.0   12.428   10.0
 7720.0   12.453   10.0
 7730.0   12.483   10.0
 7740.0   12.427   10.0
 7750.0   12.431   10.0
 7760.0   12.483   10.0
 7770.0   12.488   10.0
 7780.0   12.497   10.0
 7790.0   12.470   10.0
 7800.0   12.433   10.0
 7810.0   12.425   10.0
 7820.0   12.502   10.0
 7830.0   12.413   10.0
 7840.0   12.455   10.0
 7850.0   12.443   10.0
 7860.0   12.439   10.0
 7870.0   12.449   10.0
 7880.0   12.427   10.0
 7890.0   12.452   10.0
 7900.0   12.407   10.0
 7910.0   12.428   10.0
 7920.0   12.451   10.0
 7930.0   12.449   10.0
 7940.0   12.428   10.0
 7950.0   12.387   10.0
 7960.0   12.399   10.0
 7970.0   12.461   10.0
 7980.0   12.457   10.0
 7990.0   12.462   10.0
 8000.0   12.466   10.0
 8010.0   12.442   10.0
 8020.0   12.459   10.0
 8030.0   12.414   10.0
 8040.0   12.457   10.0
 8050.0   12.436   10.0
 8060.0   12.438   10.0
 8070.0   12.552   10.0
 8080.0   12.537   10.0
 8090.0   12.546   10.0
 8100.0   12.624   10.0
 8110.0   12.709   10.0
 8120.0   12.697   10.0
 8130.0   12.769   10.0
 8140.0   12.833   10.0
 8150.0   12.944   10.0
 8160.0   12.951   10.0
 8170.0   13.020   10.0
 8180.0   13.153   10.0
 8190.0   12.807   10.0
 8200.0   12.637   10.0
 8210.0   12.595   10.0
 8220.0   12.687   10.0
 8230.0   12.707   10.0
 8240.0   12.611   10.0
 8250.0   12.588   10.0
 8260.0   12.643   10.0
 8270.0   12.763   10.0
 8280.0   12.726   10.0
 8290.0   12.696   10.0
